# M200c[Msun] <corr> corr+ corr- corr++ corr-- corr+++ corr---
2.511886431509582138e+10 -2.264229687592702600e-01 -2.507068298469100620e-01 -2.038161565808185582e-01 -2.735512438902221177e-01 -1.821126948263213641e-01 -2.852987507063878825e-01 -1.580007761058371263e-01
3.162277660168379211e+10 -2.207591847564117915e-01 -2.406047215911687742e-01 -1.989414865752250905e-01 -2.622763809620589637e-01 -1.739824940105678397e-01 -2.681758466064480539e-01 -1.613582337214791995e-01
3.981071705534969330e+10 -2.273324611897211134e-01 -2.442096851776009436e-01 -2.037132053758965722e-01 -2.596201136232327289e-01 -1.848020980946040726e-01 -2.631031945388241922e-01 -1.723607996201697579e-01
5.011872336272714996e+10 -2.322808244157649749e-01 -2.536537685330719216e-01 -2.054035453665429833e-01 -2.781575108001718144e-01 -1.831430209503231432e-01 -2.956746529526536049e-01 -1.739889748777085632e-01
6.309573444801942444e+10 -2.487164127150771620e-01 -2.742372643516556852e-01 -2.200027933568522442e-01 -3.011295103620746927e-01 -1.982749808013067327e-01 -3.447309253397216056e-01 -1.831883744877692843e-01
7.943282347242822266e+10 -2.523969069561812217e-01 -2.778294448846613807e-01 -2.193097550153408903e-01 -3.072784396427414300e-01 -1.880955009795393096e-01 -3.350337493934756883e-01 -1.577067055103075766e-01
1.000000000000000000e+11 -2.464278034087149238e-01 -2.881850633711560139e-01 -2.093061181831537554e-01 -3.270467702236176666e-01 -1.605279549831543362e-01 -3.309722808936675920e-01 -1.032338421848848775e-01
1.258925411794166107e+11 -2.314052174050161836e-01 -2.748334548068501748e-01 -1.846324181710394807e-01 -3.136963706299890631e-01 -1.404831846650679561e-01 -3.365797546475167712e-01 -6.908255662338208536e-02
1.584893192461110840e+11 -1.887789210439654308e-01 -2.548924631795776441e-01 -1.270525999617526103e-01 -3.202365114867459783e-01 -5.285593475875101366e-02 -3.385112523714336463e-01 -3.907615774680431309e-02
