# M200c[Msun] <corr> corr+ corr- corr++ corr-- corr+++ corr---
1.000000000000000000e+10 -3.715929069759743020e-01 -3.759745135350672784e-01 -3.677144914238156814e-01 -3.801616464690737995e-01 -3.644642319156990995e-01 -3.815983238928075116e-01 -3.632562986760073942e-01
1.258925411794166183e+10 -3.769066705616890278e-01 -3.801232376659329226e-01 -3.734077103204191950e-01 -3.838702391844446282e-01 -3.689078970020276405e-01 -3.846306476537023622e-01 -3.665568302143589752e-01
1.584893192461110878e+10 -3.839929779519161701e-01 -3.871935133468649703e-01 -3.801116021179939408e-01 -3.903105799572073598e-01 -3.764672507466367279e-01 -3.945053030718422282e-01 -3.723683338693897227e-01
1.995262314968882751e+10 -3.935766111249162647e-01 -3.970584656314150029e-01 -3.903719004131008807e-01 -4.011419343663206183e-01 -3.845230983667643487e-01 -4.040791236908100603e-01 -3.826228279908173713e-01
2.511886431509582138e+10 -4.011002206696031580e-01 -4.055318288164080354e-01 -3.972753002250263288e-01 -4.087885030276088294e-01 -3.937463857765411968e-01 -4.118993167554689805e-01 -3.923937087287139858e-01
3.162277660168379211e+10 -4.109137924490032789e-01 -4.162946566102446733e-01 -4.066373660164109838e-01 -4.213568407220437129e-01 -4.029039533548194885e-01 -4.246272568659248403e-01 -3.999375284936757535e-01
3.981071705534969330e+10 -4.185882907174527934e-01 -4.241032954698595314e-01 -4.135971415919644789e-01 -4.270246305594229130e-01 -4.061473842425318281e-01 -4.298837763607797902e-01 -4.041556165082392238e-01
5.011872336272714996e+10 -4.250670028029449043e-01 -4.297551342799559304e-01 -4.202693226072449217e-01 -4.382783071767628047e-01 -4.152554847935401305e-01 -4.433269727796104176e-01 -4.131112431721538636e-01
6.309573444801942444e+10 -4.319680340954381026e-01 -4.385244584653108513e-01 -4.260056005746841734e-01 -4.448165728207877923e-01 -4.215348365167279621e-01 -4.484208774194332614e-01 -4.145133226632140566e-01
7.943282347242822266e+10 -4.375025784971050546e-01 -4.441215872109477991e-01 -4.311438823743309889e-01 -4.484439042229398931e-01 -4.236832425145976022e-01 -4.523309250228998435e-01 -4.215857725610120399e-01
1.000000000000000000e+11 -4.429895410355937369e-01 -4.505268803872243266e-01 -4.367105074813911192e-01 -4.574396047364814866e-01 -4.284392707081329243e-01 -4.593815039874470929e-01 -4.269323022127761713e-01
1.258925411794166107e+11 -4.473605399888840872e-01 -4.544103171724518386e-01 -4.378637754167529206e-01 -4.626467020393137952e-01 -4.327071103757405557e-01 -4.663204512946461100e-01 -4.249621995160754451e-01
1.584893192461110840e+11 -4.518702185905766333e-01 -4.612111355316923511e-01 -4.415820064446324689e-01 -4.707997966654239308e-01 -4.315815923690220490e-01 -4.735101869945136377e-01 -4.297456757411392547e-01
1.995262314968882751e+11 -4.575390510767606833e-01 -4.636690257945074722e-01 -4.494458858079196650e-01 -4.754391265032442693e-01 -4.428215895765065246e-01 -4.819259152306384353e-01 -4.347463320755579064e-01
2.511886431509582214e+11 -4.668718771216825991e-01 -4.784780912884575299e-01 -4.544225058071416634e-01 -4.880254030012556310e-01 -4.428075563745267340e-01 -4.893905192909765445e-01 -4.364573990634097456e-01
3.162277660168379517e+11 -4.766325171461308630e-01 -4.871163605689127207e-01 -4.663445291663102510e-01 -4.997618326769209807e-01 -4.545037869077594994e-01 -5.109376286732499883e-01 -4.508986581373786717e-01
3.981071705534969482e+11 -4.893890557758507898e-01 -5.020330826972888572e-01 -4.779537499855463500e-01 -5.113652380081926685e-01 -4.655946674500947013e-01 -5.187880396287304352e-01 -4.593814127915977208e-01
5.011872336272714844e+11 -5.005577892564316844e-01 -5.143898476385766472e-01 -4.893358258990835319e-01 -5.302961926103224588e-01 -4.808935438718440203e-01 -5.361912874560380571e-01 -4.738134430761133942e-01
6.309573444801943359e+11 -5.093969859732065952e-01 -5.217571136362640916e-01 -4.956958246178165828e-01 -5.313782794478862925e-01 -4.864866944388643866e-01 -5.350981562637042721e-01 -4.730374642270749885e-01
7.943282347242821045e+11 -5.028236803021817192e-01 -5.220308020810998650e-01 -4.849718479017680051e-01 -5.366562243909680507e-01 -4.731216402859700909e-01 -5.449509735850266434e-01 -4.625305024605788073e-01
1.000000000000000000e+12 -4.967795269011588410e-01 -5.090774064389207432e-01 -4.800812023847428889e-01 -5.193725328297915667e-01 -4.601148743126542429e-01 -5.255984369861931293e-01 -4.521326946453921303e-01
1.258925411794166260e+12 -4.821047229304413761e-01 -5.005977865238090407e-01 -4.620526879450280178e-01 -5.127593452509369154e-01 -4.492334377480390328e-01 -5.225013841703697315e-01 -4.268796725619267707e-01
1.584893192461110840e+12 -4.704590349942835426e-01 -4.881729563797885252e-01 -4.519085923131141991e-01 -5.075590012115475114e-01 -4.314596489402167112e-01 -5.149858218392090459e-01 -4.124598878170363525e-01
1.995262314968882812e+12 -4.555493055972993366e-01 -4.796181919374892244e-01 -4.337852183781979454e-01 -4.974444367589221372e-01 -4.145616240955447562e-01 -5.019217008693376281e-01 -4.039187619500358428e-01
2.511886431509582031e+12 -4.467889018686577174e-01 -4.784472372766839232e-01 -4.229394291604185452e-01 -5.066990431354330138e-01 -3.985594784140503166e-01 -5.326334649814266076e-01 -3.913817317267908047e-01
3.162277660168379395e+12 -4.605314050608078080e-01 -4.906780154887708800e-01 -4.278053788295076432e-01 -5.144998545763582731e-01 -4.019700881949482829e-01 -5.344586926396043269e-01 -3.822004169281187913e-01
3.981071705534969238e+12 -4.739963523386562239e-01 -5.029597026164789320e-01 -4.392851828649748658e-01 -5.342774045790021908e-01 -4.052782304432641647e-01 -5.475080180407023711e-01 -3.907880662198838784e-01
5.011872336272714844e+12 -4.913838687772864589e-01 -5.247740523176557259e-01 -4.578497985662665082e-01 -5.574891610099855788e-01 -4.285525359530096279e-01 -5.649610983868453840e-01 -4.151057269791411652e-01
6.309573444801942383e+12 -5.212458744431058832e-01 -5.534945985572964355e-01 -4.722021941020810298e-01 -5.930710313890703578e-01 -4.250983906895398623e-01 -6.039764909334212062e-01 -4.099090495643625820e-01
7.943282347242821289e+12 -5.398902892622110539e-01 -5.841816299966091641e-01 -5.064602909432773803e-01 -6.191609024838156117e-01 -4.547629148031341328e-01 -6.402875780080269363e-01 -4.335274180848192049e-01
1.000000000000000000e+13 -5.695309639503969290e-01 -6.151496245685336151e-01 -5.348946688462482557e-01 -6.444177597630975640e-01 -4.918549268226625748e-01 -6.569124874839865624e-01 -4.693283689811822423e-01
1.258925411794166211e+13 -5.870169246101353266e-01 -6.216418675072304945e-01 -5.518681999542062178e-01 -6.718690693608885267e-01 -5.250187587535781741e-01 -6.799804078046404188e-01 -4.898892186454810171e-01
1.584893192461110938e+13 -6.037132718502677964e-01 -6.390493829005209347e-01 -5.569064988824685702e-01 -6.753775060964547494e-01 -5.054653330031847469e-01 -6.989815709204603156e-01 -4.770341853622525052e-01
1.995262314968882812e+13 -6.086222647388198626e-01 -6.481991680424250557e-01 -5.610839186729110750e-01 -6.815817719077517101e-01 -5.006871219023274477e-01 -7.087030027878367111e-01 -3.233683865116102618e-01
2.511886431509582031e+13 -6.030345905383618366e-01 -6.560147464521258742e-01 -5.385432089247313980e-01 -7.094635081023843437e-01 -5.017824871942591081e-01 -7.321353500689147253e-01 -4.789913025581267192e-01
