# M200c[Msun] <corr> corr+ corr- corr++ corr-- corr+++ corr---
1.584893192461110830e+09 -8.398288851386632725e-01 -8.454592229012488636e-01 -8.331916897819500178e-01 -8.522250627517002908e-01 -8.285569042406690787e-01 -8.537296443025781389e-01 -8.259541037167954514e-01
1.995262314968874693e+09 -8.356706310826993445e-01 -8.439799876851891147e-01 -8.284332061358578025e-01 -8.499085729821727053e-01 -8.207828924662166070e-01 -8.516892893063575665e-01 -8.133482591230432046e-01
2.511886431509572029e+09 -8.343451397820684790e-01 -8.410397522706033469e-01 -8.289700356464744235e-01 -8.475222938907608361e-01 -8.213500571218106394e-01 -8.502296116889553890e-01 -8.172179701405914987e-01
3.162277660168379307e+09 -8.315185524669920225e-01 -8.400336635047062073e-01 -8.225707940711900479e-01 -8.462295866188450644e-01 -8.126355789807924168e-01 -8.487984006786781777e-01 -8.108185144824741064e-01
3.981071705534969330e+09 -8.294830401578972001e-01 -8.390510328829609010e-01 -8.195789390039056599e-01 -8.463437723494882103e-01 -8.089829429627367618e-01 -8.517412482752929614e-01 -7.958827824171273990e-01
5.011872336272714615e+09 -8.351284673782835011e-01 -8.459690571663500691e-01 -8.236356314596410266e-01 -8.500644320510217788e-01 -8.135863735190738133e-01 -8.564117066022629565e-01 -8.006893220507342868e-01
6.309573444801942825e+09 -8.336258996318232084e-01 -8.454618617469119579e-01 -8.215116030198850172e-01 -8.592928992357781182e-01 -8.088832624719183295e-01 -8.690239697538508779e-01 -8.073974476881559115e-01
7.943282347242821693e+09 -8.429937918522545370e-01 -8.565728826310414767e-01 -8.302620514419596365e-01 -8.671110132043449159e-01 -8.121754126843605537e-01 -8.724194589533925681e-01 -7.988096811560361221e-01
1.000000000000000000e+10 -8.498528357811667711e-01 -8.671580874378445047e-01 -8.364549611116481875e-01 -8.812828635441585234e-01 -8.186710549143049187e-01 -8.846249741058216376e-01 -7.977382603908131919e-01
