# M200c[Msun] <corr> corr+ corr- corr++ corr-- corr+++ corr---
1.995262314968882751e+11 1.698743620833672585e-01 1.676698333942680808e-01 1.719815846782635216e-01 1.652387552277059524e-01 1.745968651510187708e-01 1.643580460461827319e-01 1.771229928899381301e-01
2.511886431509582214e+11 1.751049816819984228e-01 1.723625806336670507e-01 1.779870803900903964e-01 1.705796012623072566e-01 1.802977416178612458e-01 1.698497279061680632e-01 1.813767936497635569e-01
3.162277660168379517e+11 1.790016535962757338e-01 1.767893718264400005e-01 1.817438801322837638e-01 1.737921758120430094e-01 1.840599251779225787e-01 1.708134757743953736e-01 1.874664683648474828e-01
3.981071705534985352e+11 1.828608259819369253e-01 1.802844681322157694e-01 1.863190824831257864e-01 1.779693778587438380e-01 1.888763171913799277e-01 1.775204214115689572e-01 1.892375529201031914e-01
5.011872336272734985e+11 1.852101615572367133e-01 1.825033593131563658e-01 1.893323229840670197e-01 1.799129701957433158e-01 1.927610315365577698e-01 1.787202954974249913e-01 1.929955265598331249e-01
6.309573444801943359e+11 1.879121973921374922e-01 1.852696236028918420e-01 1.912279927821037562e-01 1.817931873950603960e-01 1.941513738895903618e-01 1.804878642670989519e-01 1.951048449122613215e-01
7.943282347242821045e+11 1.900597511919331906e-01 1.868441736275863185e-01 1.938878583454384519e-01 1.845153982010603322e-01 1.965756331605305329e-01 1.842221578604202048e-01 1.985033238008548362e-01
1.000000000000000000e+12 1.923700336388554644e-01 1.881042686604491032e-01 1.957337162907926142e-01 1.829210470157811019e-01 1.994857113009065042e-01 1.816715738566783145e-01 2.007924104717377367e-01
1.258925411794171387e+12 1.914400751790338862e-01 1.872696964857815949e-01 1.969205771829793949e-01 1.833880826460356217e-01 2.020206460018696970e-01 1.796228021658299590e-01 2.035375029176115791e-01
1.584893192461117432e+12 1.884185160240820778e-01 1.830528796637016786e-01 1.935217718117364927e-01 1.785063546206811791e-01 1.988600049195582420e-01 1.720650825977764198e-01 2.018562858917556102e-01
1.995262314968882812e+12 1.864453753905872258e-01 1.811711937093270219e-01 1.915342941516733344e-01 1.766022559745888398e-01 1.954515987149563205e-01 1.742735004476528848e-01 1.988100718826049940e-01
2.511886431509582031e+12 1.850387367104880110e-01 1.806023253780608684e-01 1.925910908681464362e-01 1.743012265828357554e-01 1.982443143509629579e-01 1.672559052626666209e-01 2.030866069016327713e-01
3.162277660168379395e+12 1.897141853170173365e-01 1.816689105898949275e-01 1.965554686193904388e-01 1.766897469763754058e-01 2.027590518993809821e-01 1.733280325328241389e-01 2.083773497561890176e-01
3.981071705534985352e+12 1.963310421453158261e-01 1.881526015313321476e-01 2.024250979601328049e-01 1.830389216103515404e-01 2.071383027998433546e-01 1.762716431780828596e-01 2.106625268087959912e-01
5.011872336272735352e+12 2.063499118437855939e-01 1.970495486842684940e-01 2.137761945611435233e-01 1.887254659928805367e-01 2.206790276678950169e-01 1.873105898677060177e-01 2.294284768271201147e-01
6.309573444801942383e+12 2.155911475791935650e-01 2.065617184326011269e-01 2.232650092643869710e-01 1.963018006333824006e-01 2.316639088686430759e-01 1.854991788944046205e-01 2.425686340415389997e-01
7.943282347242821289e+12 2.209926936812030007e-01 2.095164452994440485e-01 2.327247834312841657e-01 1.963358160290503140e-01 2.409008432808536215e-01 1.881742018618213219e-01 2.547160283242966283e-01
1.000000000000000000e+13 2.266724393120658210e-01 2.168035909302079012e-01 2.344280510597727130e-01 2.051472284543777169e-01 2.459129419030957608e-01 2.030809006691638163e-01 2.605042814604626167e-01
1.258925411794166211e+13 2.260624328604826927e-01 2.144074064929404333e-01 2.398378170004317744e-01 2.033177001493577385e-01 2.520704617632808509e-01 1.917465860059415217e-01 2.633845227177172843e-01
1.584893192461110938e+13 2.348873021447365761e-01 2.245996585940041312e-01 2.502644793933607170e-01 2.156440363033112484e-01 2.606878325902626248e-01 2.073678257710192818e-01 2.642883868817529347e-01
1.995262314968882812e+13 2.483664184106526007e-01 2.277439791222661825e-01 2.591241678564184525e-01 2.192664579014010073e-01 2.686958562385838301e-01 2.177103961460474801e-01 2.743716605732927083e-01
2.511886431509582031e+13 2.477739931261853101e-01 2.345082864244839860e-01 2.646215562109074382e-01 2.207408893566964458e-01 2.822204049918978219e-01 2.087161826730364877e-01 2.930783546609454504e-01
3.162277660168379297e+13 2.571515106582228372e-01 2.373566397126954663e-01 2.753749750369612337e-01 2.224746374081243983e-01 2.917868563014724970e-01 2.169814736378615216e-01 3.020342833193743748e-01
3.981071705534969531e+13 2.573729850761192206e-01 2.391359240855812085e-01 2.809174281331269785e-01 2.220200918086419895e-01 2.985332014925234922e-01 2.127819165117921241e-01 3.057754980141197954e-01
5.011872336272714844e+13 2.576276217260496382e-01 2.376281632972837288e-01 2.819110654519887404e-01 2.064341926793903381e-01 2.955533293310178555e-01 1.854400926195719224e-01 3.080465796780900156e-01
6.309573444801942969e+13 2.543048979240077334e-01 2.231407653273562719e-01 2.745844760992173228e-01 1.963364540550575632e-01 2.869701260604484716e-01 1.917715319757727077e-01 2.988482820679827512e-01
7.943282347242821875e+13 2.455757275170926679e-01 2.150542369980942836e-01 2.714584042667227415e-01 1.849783541326838476e-01 2.981048835465680558e-01 1.691703640395497699e-01 3.204769510006846289e-01
1.000000000000000000e+14 2.287661573315102892e-01 1.845949552812603534e-01 2.577957509899928001e-01 1.578215347588596829e-01 2.942509586956687517e-01 1.523989315797477928e-01 3.123130455963522012e-01
1.258925411794166250e+14 2.160693434699680893e-01 1.575711727266675966e-01 2.593867746018440057e-01 1.361860659114696726e-01 2.925152578303275019e-01 1.111442132735602495e-01 3.356398698312340612e-01
1.584893192461110938e+14 1.991086079236071837e-01 1.380740054842083120e-01 2.623507791741540585e-01 9.119041439990561992e-02 3.162802436357966540e-01 4.413734272710179152e-02 3.391047708773401448e-01
1.995262314968882812e+14 1.831276480218846647e-01 1.356280420381901219e-01 2.381922329420636253e-01 6.782711897058936457e-02 2.858124987392695049e-01 1.526557108653660982e-02 3.056967089900228252e-01
2.511886431509582188e+14 1.757884494939035425e-01 1.218496254295280135e-01 2.436677587611978946e-01 7.312780568995275177e-02 3.070358344374285453e-01 5.183432043566352926e-02 3.933084772429957243e-01
3.162277660168379375e+14 2.018552756309820451e-01 1.275703174147130858e-01 2.620692299240639511e-01 5.336613201609587132e-02 3.130172539562311451e-01 3.736044024080022175e-02 3.556650875107049137e-01
