# M200c[Msun] <corr> corr+ corr- corr++ corr-- corr+++ corr---
1.995262314968882751e+11 1.224949266598772402e-01 1.199875388655816388e-01 1.254989377448467169e-01 1.178026593484569062e-01 1.273125798614637705e-01 1.162175263756309723e-01 1.278384525304699371e-01
2.511886431509582214e+11 1.229251812609506722e-01 1.208226841691955322e-01 1.254349010436549838e-01 1.171528943090628383e-01 1.289550009918858098e-01 1.164283637878827660e-01 1.342185267609528609e-01
3.162277660168379517e+11 1.215042665362375540e-01 1.186934384832845218e-01 1.242595599384447996e-01 1.157895840486650452e-01 1.257877138617605195e-01 1.143571101924019118e-01 1.276342304636731984e-01
3.981071705534985352e+11 1.184482325347256115e-01 1.151368752092653963e-01 1.210562781974748314e-01 1.131427718273960992e-01 1.227654941129053545e-01 1.114439373738536215e-01 1.235393822360159183e-01
5.011872336272734985e+11 1.135545746374772291e-01 1.100537276459424563e-01 1.163210519955602124e-01 1.074157891922348784e-01 1.200859094213620887e-01 1.058490274549603316e-01 1.209888035958214536e-01
6.309573444801943359e+11 1.076679438123009369e-01 1.037204262037830921e-01 1.105498458315072596e-01 1.011247517105318128e-01 1.141987958157600902e-01 9.802179867428038873e-02 1.152352987929501638e-01
7.943282347242821045e+11 1.015751345032606112e-01 9.788385233421337261e-02 1.054278577239076975e-01 9.411560928146209259e-02 1.068591093453466756e-01 8.859651091706829962e-02 1.077849414658246241e-01
1.000000000000000000e+12 9.647834175202806006e-02 9.190280933544048292e-02 1.007663013178681649e-01 8.769189133647811718e-02 1.034355175928042408e-01 8.449626261376982916e-02 1.053079585177860433e-01
1.258925411794171387e+12 9.296637934505029566e-02 8.880829642242157873e-02 9.888555976743565457e-02 8.508112351358834702e-02 1.022636889525998655e-01 7.985431283655754220e-02 1.056475438961326785e-01
1.584893192461117432e+12 9.199826824437852546e-02 8.631009621934082610e-02 9.768044911789641738e-02 8.154609737083871879e-02 1.034676269371390955e-01 7.966215478081320467e-02 1.067100149248143420e-01
1.995262314968882812e+12 9.107320963837636785e-02 8.455180836454852245e-02 9.499874706528191326e-02 7.974294823310404401e-02 1.006571418833085430e-01 7.425013469909169661e-02 1.023941501784765007e-01
2.511886431509582031e+12 8.742344191072287662e-02 8.123145374553569775e-02 9.369456729769971848e-02 7.455409304418170180e-02 9.889292062369342551e-02 7.352456878137840490e-02 1.036516281500355907e-01
3.162277660168379395e+12 8.622729598045496269e-02 7.957243785945598835e-02 9.401520517194390802e-02 7.360255331428507131e-02 1.016331955415093330e-01 7.124171009248822517e-02 1.043951703035868595e-01
3.981071705534985352e+12 8.893358510148111074e-02 7.846501494989596703e-02 9.518163272364073280e-02 7.052354361245657954e-02 1.026066015614244542e-01 6.343554358886208111e-02 1.063621474754769120e-01
5.011872336272735352e+12 8.859992683231585064e-02 7.897398757534057623e-02 9.753505192756001252e-02 7.110060567190348846e-02 1.034885820072877216e-01 7.056337188484046452e-02 1.113467665855932404e-01
6.309573444801942383e+12 8.876936565485346597e-02 7.892056166453557953e-02 9.987985099949353573e-02 7.027830256154782296e-02 1.037174026109360520e-01 6.565692491247532292e-02 1.097472134908208802e-01
7.943282347242821289e+12 8.315579189669586313e-02 7.372517356245041065e-02 9.390532404574222780e-02 6.386816936597333738e-02 1.040030223593652048e-01 5.489076777123994694e-02 1.081148939466315267e-01
1.000000000000000000e+13 7.366693994165217363e-02 6.067012836987575874e-02 8.394309447429430804e-02 5.397359768201459573e-02 9.589040288940098300e-02 4.830225651354262684e-02 1.063138025177240847e-01
1.258925411794166211e+13 6.005851687136853911e-02 5.132247753920407551e-02 7.520604476760264778e-02 3.907770907993038390e-02 9.510825526529687046e-02 3.423689728780007768e-02 1.024013983945497447e-01
1.584893192461110938e+13 5.491969071148754961e-02 3.628230542188946861e-02 6.692098211612867997e-02 2.461209617318368958e-02 8.209475842379113097e-02 2.320916865418732114e-02 1.107202384764510716e-01
1.995262314968882812e+13 5.134972496072109233e-02 3.590291097629431244e-02 7.348816951182243762e-02 1.764213837898726336e-02 8.788991382055133528e-02 1.515980315116292540e-02 9.136386672186010138e-02
2.511886431509582031e+13 6.253045406409410423e-02 4.274455426322502222e-02 8.106074372873037226e-02 3.062477828437580943e-02 9.513225993630985977e-02 2.619405928856178428e-02 1.034213741718994495e-01
3.162277660168379297e+13 7.360425813861387612e-02 5.651016262802491252e-02 9.396197832162836439e-02 4.040502387565299280e-02 1.098428593581406987e-01 2.390615837931729659e-02 1.241388776660248688e-01
3.981071705534969531e+13 7.992634853585256494e-02 5.352300051979367451e-02 1.003008910750535221e-01 2.931488589677504197e-02 1.189672810391610991e-01 2.097482571637544757e-02 1.287871095607721894e-01
5.011872336272714844e+13 9.030993781651659724e-02 6.149451137849491766e-02 1.156501245414623819e-01 4.261730221162961241e-02 1.454999250537223621e-01 1.790536063541852546e-02 1.687631376982843823e-01
6.309573444801942969e+13 7.913624657630037584e-02 5.085686937925441853e-02 1.075084999904178940e-01 2.573028311410100605e-02 1.425579792215977970e-01 1.454736584940879811e-02 1.494833559538836232e-01
7.943282347242821875e+13 7.405528274549535994e-02 3.934167644095238475e-02 1.147587589136390973e-01 8.118410349214278537e-03 1.332055835635984065e-01 -8.948338135675618435e-03 1.555584705161879577e-01
1.000000000000000000e+14 6.207422641469827196e-02 2.962582895271505951e-02 9.754849170407937919e-02 -7.628842520570274649e-03 1.328568092783215526e-01 -1.338243095555909958e-02 1.634870523912497764e-01
1.258925411794166250e+14 2.706980494431800860e-02 -1.185324012499632332e-02 7.249482255716425960e-02 -6.463165389831110330e-02 1.303944640417954992e-01 -1.144791733347289009e-01 1.556332976118464384e-01
1.584893192461110938e+14 4.702688016211252833e-03 -3.831556087887729584e-02 6.674149226957798442e-02 -9.077764257012314875e-02 1.024545275866293736e-01 -1.332299085619630952e-01 1.271535234357364930e-01
1.995262314968882812e+14 -3.113919079125854195e-02 -9.817816226294490134e-02 3.111989956708713367e-02 -1.577451009537892412e-01 1.072668872256695299e-01 -1.718389074214836665e-01 1.191281696952566083e-01
2.511886431509582188e+14 -4.631261455907680069e-02 -1.075721115149528284e-01 1.486827354401560469e-02 -2.030183330486338700e-01 6.170027117528886773e-02 -2.250167474317570915e-01 1.027920622570389075e-01
3.162277660168379375e+14 -5.595101261629169265e-02 -1.570679184337834267e-01 2.526171247833887065e-02 -2.149608348827636017e-01 8.356611698464314064e-02 -2.436354720559481268e-01 1.906081966264672467e-01
