# M200c[Msun] <corr> corr+ corr- corr++ corr-- corr+++ corr---
1.000000000000000000e+11 -3.973405132292787689e-01 -3.988605172695072199e-01 -3.959469706862655536e-01 -4.003497502521510265e-01 -3.936449767379511799e-01 -4.006153642783731317e-01 -3.929668072090551356e-01
1.258925411794166107e+11 -3.946644872737601339e-01 -3.961064913797932574e-01 -3.928144226652148796e-01 -3.973451956781591798e-01 -3.911953274923452573e-01 -3.987748286259705233e-01 -3.907167124455536711e-01
1.584893192461110840e+11 -3.908531205990156687e-01 -3.924734014882952371e-01 -3.886325385229212337e-01 -3.938427752447049013e-01 -3.867478926160369257e-01 -3.939432599355034981e-01 -3.860167367537963856e-01
1.995262314968882751e+11 -3.855706966527998603e-01 -3.870399697680126927e-01 -3.842396103789263440e-01 -3.887559923770760317e-01 -3.817382201185745561e-01 -3.902158784106030676e-01 -3.799965582253513330e-01
2.511886431509582214e+11 -3.787143237518302286e-01 -3.806262303412391579e-01 -3.762533997727021129e-01 -3.832852091387568549e-01 -3.741870663556879917e-01 -3.840432286282891017e-01 -3.731732854353788653e-01
3.162277660168379517e+11 -3.723815795521556726e-01 -3.747569425468333937e-01 -3.704615593319536271e-01 -3.764919486147149108e-01 -3.686092710366659086e-01 -3.771043356165645344e-01 -3.668997693810772676e-01
3.981071705534969482e+11 -3.665170188916191396e-01 -3.696123881054400595e-01 -3.642613559420233571e-01 -3.719333762089483963e-01 -3.619563118362645326e-01 -3.737275989359707395e-01 -3.570448083267265260e-01
5.011872336272714844e+11 -3.618494232216787343e-01 -3.640087302492401866e-01 -3.594311321790811808e-01 -3.660398656951997509e-01 -3.553995765449082800e-01 -3.663129405091344326e-01 -3.537541103759812011e-01
6.309573444801943359e+11 -3.573514117615483876e-01 -3.612404984224910631e-01 -3.540584679180683869e-01 -3.638836030637598307e-01 -3.519116630630433895e-01 -3.647229377631257541e-01 -3.517551348624378682e-01
7.943282347242821045e+11 -3.539561704176544810e-01 -3.569934294616485815e-01 -3.511391053608334256e-01 -3.617972936946824425e-01 -3.485975196478138249e-01 -3.634603414618825523e-01 -3.465713548772954566e-01
1.000000000000000000e+12 -3.509622923569644115e-01 -3.548928073913405479e-01 -3.472725304285504411e-01 -3.572332074189370488e-01 -3.434224835272249310e-01 -3.612833603931251969e-01 -3.403488525818672561e-01
1.258925411794166260e+12 -3.455356133041569411e-01 -3.506674736449304497e-01 -3.421404061519928708e-01 -3.553711999407821454e-01 -3.385590569798104799e-01 -3.591288197969317864e-01 -3.371646792970185991e-01
1.584893192461110840e+12 -3.432561345998143554e-01 -3.475113486682402386e-01 -3.391755575915031962e-01 -3.522133578405580723e-01 -3.337736336551327954e-01 -3.535750353560245252e-01 -3.306666421606055950e-01
1.995262314968882812e+12 -3.402385740624107036e-01 -3.459745122937257222e-01 -3.354348685639196304e-01 -3.521509756782962852e-01 -3.306465101196971457e-01 -3.547244390949505499e-01 -3.278119639761772897e-01
2.511886431509582031e+12 -3.411469591206484075e-01 -3.471323414626650838e-01 -3.358179362859654571e-01 -3.515534458046504218e-01 -3.313685671339445804e-01 -3.528576751492609187e-01 -3.286943946032681585e-01
3.162277660168379395e+12 -3.455165253616446774e-01 -3.515213038006090307e-01 -3.401322554007777943e-01 -3.581471191580273272e-01 -3.362240492487540422e-01 -3.636935054369528353e-01 -3.353309211603107132e-01
3.981071705534969238e+12 -3.530797070507076252e-01 -3.603119557383338001e-01 -3.462584934076127219e-01 -3.671076009956250608e-01 -3.369738381413514006e-01 -3.696932796625867490e-01 -3.332104736199009709e-01
5.011872336272714844e+12 -3.614473724669668986e-01 -3.700099340418644411e-01 -3.541015638156390088e-01 -3.764902684534638944e-01 -3.484914111290837169e-01 -3.794519922449202665e-01 -3.470617725694922773e-01
6.309573444801942383e+12 -3.704688541882622532e-01 -3.752382419799595858e-01 -3.623760650119114413e-01 -3.864935335939111427e-01 -3.521476426049046649e-01 -3.876920367741061857e-01 -3.450187347963371010e-01
7.943282347242821289e+12 -3.751364885156297513e-01 -3.842353152195443489e-01 -3.662523792022161495e-01 -3.930460934292710484e-01 -3.534056118369970356e-01 -3.997776260060285081e-01 -3.481630737299321598e-01
1.000000000000000000e+13 -3.739845879307114318e-01 -3.839126434445365721e-01 -3.649693014304268845e-01 -3.897474855916929215e-01 -3.500641903271405342e-01 -4.006940343446191433e-01 -3.449267186448022326e-01
1.258925411794166211e+13 -3.667902185682138105e-01 -3.794472937161278425e-01 -3.567275734429369294e-01 -3.868852931101581238e-01 -3.479048561739354062e-01 -3.941721425915550858e-01 -3.387012377465288271e-01
1.584893192461110938e+13 -3.552539700994697958e-01 -3.688761585230000417e-01 -3.427880220461064220e-01 -3.785815534044326691e-01 -3.318412701036691503e-01 -3.913558255050694767e-01 -3.202181800539974921e-01
1.995262314968882812e+13 -3.468008833613291930e-01 -3.609280164045542971e-01 -3.336666207308096044e-01 -3.757739144746093385e-01 -3.165835536439501330e-01 -3.864315125764516967e-01 -3.051718854782755619e-01
2.511886431509582031e+13 -3.397670241769285004e-01 -3.522291484501489101e-01 -3.272219362599375625e-01 -3.648280988574827965e-01 -3.119629782153466868e-01 -3.790400546595506515e-01 -2.937125797040404107e-01
3.162277660168379297e+13 -3.315399633325479267e-01 -3.522259476679602819e-01 -3.115596863381137616e-01 -3.660707600173771503e-01 -2.962853095177605534e-01 -3.838523428279796423e-01 -2.836856254815590117e-01
3.981071705534969531e+13 -3.307811623808642465e-01 -3.485216773193559048e-01 -3.120412323606169824e-01 -3.660712187398543760e-01 -2.960395128500052375e-01 -3.760220223718410693e-01 -2.900570404739449826e-01
5.011872336272714844e+13 -3.365785514787341115e-01 -3.634435904348765067e-01 -3.131448379811637706e-01 -3.868662338216597441e-01 -2.902244419793643671e-01 -3.936517518609778943e-01 -2.703302864168576347e-01
6.309573444801942969e+13 -3.501271257261314718e-01 -3.740213957028747371e-01 -3.196583180173629968e-01 -3.958082397174792488e-01 -3.026774653811329374e-01 -4.139118273880377785e-01 -2.920938960680452556e-01
7.943282347242821875e+13 -3.672497625219064421e-01 -3.898491831530151441e-01 -3.365426375177710261e-01 -4.081902096252614243e-01 -3.122045684386490771e-01 -4.309136523214786574e-01 -2.835977086071124198e-01
1.000000000000000000e+14 -3.819153141393220041e-01 -4.005887789092804629e-01 -3.383860052167776966e-01 -4.314921226438341861e-01 -2.998606845876019000e-01 -4.394754796081021264e-01 -2.503990131674310171e-01
1.258925411794166250e+14 -3.898701563382055424e-01 -4.361308737936919755e-01 -3.498282193941047447e-01 -4.651863966316222565e-01 -3.240616201867709822e-01 -4.853423219639492747e-01 -2.818498417196860784e-01
1.584893192461110938e+14 -4.009152156841881975e-01 -4.383547638986219352e-01 -3.709340753566324755e-01 -4.976522839986378677e-01 -3.194508858781703875e-01 -5.321760372726623833e-01 -2.881626583890627979e-01
1.995262314968882812e+14 -3.901691171965560589e-01 -4.359188130275615247e-01 -3.304112226043561251e-01 -4.735508919379781689e-01 -3.059169364203770947e-01 -4.821701162818461395e-01 -2.870011004427167611e-01
2.511886431509582188e+14 -3.857874689549817271e-01 -4.445752256087014964e-01 -3.299093686256998059e-01 -4.994986268635898119e-01 -2.857095536788047951e-01 -5.527723445559137305e-01 -2.651819504477571643e-01
3.162277660168379375e+14 -3.992306567536545447e-01 -4.722882659273971995e-01 -3.214193400608565399e-01 -5.292784282739914081e-01 -2.584768991394674753e-01 -5.549472898229808049e-01 -2.516429418808137086e-01
