# M200c[Msun] <corr> corr+ corr- corr++ corr-- corr+++ corr---
1.000000000000000000e+10 2.900697528005656833e-01 2.869908517798269720e-01 2.931136242357543775e-01 2.835526862069490672e-01 2.956086642449820001e-01 2.825985949947540932e-01 2.964552770161789086e-01
1.258925411794166183e+10 2.831109485162095485e-01 2.799034752865767750e-01 2.855642444509801647e-01 2.768397793154837583e-01 2.881859756283962071e-01 2.739880580413832645e-01 2.896677005025105611e-01
1.584893192461110878e+10 2.740485339011910493e-01 2.706200173901154304e-01 2.767744369505673596e-01 2.672348987436445888e-01 2.793916304301319320e-01 2.657108734850496812e-01 2.808438101952865362e-01
1.995262314968882751e+10 2.631522985103752488e-01 2.602990079713782823e-01 2.657516332705728290e-01 2.556966842585708388e-01 2.694658713303055841e-01 2.552496019462703880e-01 2.711837333106353332e-01
2.511886431509582138e+10 2.500805412382784421e-01 2.470955812039714317e-01 2.535009732055236165e-01 2.426677577547347864e-01 2.559061406054092269e-01 2.397445256332093599e-01 2.562378378358343700e-01
3.162277660168379211e+10 2.375596568483981652e-01 2.342712673021065672e-01 2.416582932864347333e-01 2.304455408514584636e-01 2.453711340878954317e-01 2.245273802612702818e-01 2.470928059236079388e-01
3.981071705534969330e+10 2.289241304941372346e-01 2.241732941119054801e-01 2.332404847921331348e-01 2.202431826742178023e-01 2.381762766684319688e-01 2.149722708202664867e-01 2.398305159546599841e-01
5.011872336272714996e+10 2.211678261419982583e-01 2.160937185640086078e-01 2.260845724216860586e-01 2.109902067837848838e-01 2.301357549131088365e-01 2.079895646570260326e-01 2.322123453283123085e-01
6.309573444801942444e+10 2.136501659966705269e-01 2.087999932640725309e-01 2.198399710311206290e-01 2.038756654299893611e-01 2.231797534454220133e-01 1.984866428982503817e-01 2.290557488640080908e-01
7.943282347242822266e+10 2.086849843855611564e-01 2.019505053366787151e-01 2.153458232617743162e-01 1.968978753951161620e-01 2.216141049798420193e-01 1.939369025084540232e-01 2.266504642836688899e-01
1.000000000000000000e+11 2.019333283626235653e-01 1.949108872943760284e-01 2.074535808473361720e-01 1.892198083257481400e-01 2.129385906044770627e-01 1.814119088054387818e-01 2.172723314249758175e-01
1.258925411794166107e+11 1.935581477096965652e-01 1.832668676204620151e-01 2.003061129696901976e-01 1.761287754912245762e-01 2.057441580522523794e-01 1.715483035447308846e-01 2.088859553478116249e-01
1.584893192461110840e+11 1.783161831799600638e-01 1.700268140439786801e-01 1.876977443188667660e-01 1.617412088895455458e-01 1.956414757930895754e-01 1.589027164261051783e-01 1.996829622465072229e-01
1.995262314968882751e+11 1.629031207912677859e-01 1.549311984609561821e-01 1.743310934332016615e-01 1.489125180079431399e-01 1.808494502775345736e-01 1.380980052553855142e-01 1.853179489056751561e-01
2.511886431509582214e+11 1.585577263763074396e-01 1.475722405990420039e-01 1.679819416730129467e-01 1.389414432654926257e-01 1.767863427310134572e-01 1.339273543949377754e-01 1.834849396153880596e-01
3.162277660168379517e+11 1.579796478257575187e-01 1.479759025809674056e-01 1.700043582491461980e-01 1.381403683423521045e-01 1.833061686465589091e-01 1.346701075547649951e-01 1.902978208111477110e-01
3.981071705534969482e+11 1.622505902798645483e-01 1.451615834352225076e-01 1.711561568041772285e-01 1.358246828463153810e-01 1.811609011680915260e-01 1.284755217454936482e-01 1.884746150706230194e-01
5.011872336272714844e+11 1.667752539325403349e-01 1.498507067011764504e-01 1.806238138517232417e-01 1.385792266478141910e-01 1.925116710391963082e-01 1.252092882779402283e-01 1.963757214032495479e-01
6.309573444801943359e+11 1.707126112716156052e-01 1.524992643355100319e-01 1.851543449025838395e-01 1.375044446269796383e-01 1.960516985963804970e-01 1.321472293952540844e-01 2.005231747362504202e-01
7.943282347242821045e+11 1.700165805076815917e-01 1.546744569442787542e-01 1.874225069922268450e-01 1.381921032441169594e-01 2.137435944747400063e-01 1.257792399013245299e-01 2.213312697619678748e-01
1.000000000000000000e+12 1.707153602069989562e-01 1.533550168203263175e-01 1.937987036527629159e-01 1.312803654199794501e-01 2.119624387947173227e-01 1.273060572871783092e-01 2.209955078532234440e-01
1.258925411794166260e+12 1.619388364785447898e-01 1.401192272514135140e-01 1.827625828172847466e-01 1.223243574541609119e-01 2.041251809591808075e-01 1.152888134505464651e-01 2.156671948377939518e-01
1.584893192461110840e+12 1.559627520961234526e-01 1.331718067783748405e-01 1.809949192458366884e-01 1.052687083958286363e-01 2.018432831997947763e-01 9.947139518906100708e-02 2.082535484167164497e-01
1.995262314968882812e+12 1.423847629864569697e-01 1.213428596434197870e-01 1.658231341852681728e-01 8.323484775900881483e-02 1.873570623133029578e-01 6.465380696704098318e-02 1.941372108585228407e-01
2.511886431509582031e+12 1.493837289146050518e-01 1.169950999548173415e-01 1.846168187312516584e-01 8.320193444841675334e-02 2.025315974311467371e-01 6.704729736316059063e-02 2.301236301807956797e-01
3.162277660168379395e+12 1.554057971564209994e-01 1.282541458397635226e-01 1.900975167254577436e-01 8.974380900314765652e-02 2.103027952402118927e-01 4.678939175804722878e-02 2.275837253627268075e-01
3.981071705534969238e+12 1.571532139102698178e-01 1.199706914395254342e-01 1.854324756886169268e-01 9.217538561923623031e-02 2.089741052236086249e-01 7.350265919487024291e-02 2.311716355246556387e-01
5.011872336272714844e+12 1.561646079566539336e-01 1.247124645404718568e-01 1.976009469413415320e-01 9.516708258619516192e-02 2.259078152416574004e-01 6.161614836823357116e-02 2.344990232062047486e-01
6.309573444801942383e+12 1.564663469892358660e-01 1.233951935069998451e-01 1.914998597110420253e-01 7.416126179588647394e-02 2.546429715920136005e-01 6.980673968546072250e-02 2.832516042416188817e-01
7.943282347242821289e+12 1.501050543778068569e-01 9.540366118181353716e-02 1.919898700697851845e-01 5.888889736035708700e-02 2.239499158757942421e-01 3.042194658230838386e-02 2.368667019575391164e-01
1.000000000000000000e+13 1.609584039045114934e-01 9.911773700828191425e-02 2.117646654899380254e-01 4.146945079001013862e-02 2.655329139012507222e-01 9.455623720301876978e-03 2.873655699908200800e-01
1.258925411794166211e+13 1.649678000492120766e-01 1.060849144767081198e-01 2.240116035960232621e-01 6.379609549139111935e-02 2.851567875325339285e-01 4.916659733221964701e-02 3.411588112230379277e-01
1.584893192461110938e+13 1.783710143448370422e-01 1.182692889495687433e-01 2.374128077407419712e-01 3.587438969298007568e-02 2.896172293222322169e-01 -1.304601493766938472e-02 3.192924269654128233e-01
1.995262314968882812e+13 1.645031044298130296e-01 1.013760816846823870e-01 2.322027011029030863e-01 4.058147412864381021e-02 3.063369436810114976e-01 2.282490567254808964e-03 3.490336669603386621e-01
2.511886431509582031e+13 1.179168413133530047e-01 5.220591935786814131e-02 1.978609962535861910e-01 -4.649632131505824356e-02 3.161789686397099564e-01 -6.411431952097589038e-02 3.722249456635074449e-01
