# M200c[Msun] <corr> corr+ corr- corr++ corr-- corr+++ corr---
1.584893192461110830e+09 -3.981967460100857004e-01 -4.029047377646803874e-01 -3.944690493952399124e-01 -4.064475408698944858e-01 -3.910523175591771317e-01 -4.082029512791993664e-01 -3.892261959308924157e-01
1.995262314968874693e+09 -3.966708065726229360e-01 -4.006050139254714315e-01 -3.921166964094418006e-01 -4.052481037431621691e-01 -3.879535998095319793e-01 -4.086565461060909232e-01 -3.860709031585563555e-01
2.511886431509572029e+09 -3.935110414519071842e-01 -3.977270852944199131e-01 -3.885865577899419998e-01 -4.012179829813490306e-01 -3.860930031846061539e-01 -4.032341364705915310e-01 -3.845829692609860073e-01
3.162277660168379307e+09 -3.900215838914691258e-01 -3.948763685747309071e-01 -3.861008451875193037e-01 -3.997629417281469699e-01 -3.827218216703855980e-01 -4.020520782019584294e-01 -3.805518332221585753e-01
3.981071705534969330e+09 -3.840744728735758784e-01 -3.889528600939772263e-01 -3.795142501269377355e-01 -3.943763208954400579e-01 -3.741118113293575576e-01 -3.968026815622699432e-01 -3.687792675644353535e-01
5.011872336272714615e+09 -3.801669001926537006e-01 -3.854313744302342859e-01 -3.745988492981556783e-01 -3.900841512314353055e-01 -3.687730325121644226e-01 -3.917396592990413651e-01 -3.657354040909005510e-01
6.309573444801917076e+09 -3.780796471145076998e-01 -3.835586817945704774e-01 -3.716459323945547899e-01 -3.885963891422687944e-01 -3.652190203928559753e-01 -3.901612878113975835e-01 -3.610762061659435473e-01
7.943282347242789268e+09 -3.738308739248058510e-01 -3.805622662191985306e-01 -3.669379235778497117e-01 -3.879451088097547462e-01 -3.628317723131078698e-01 -3.903705720912953869e-01 -3.581321794193985109e-01
1.000000000000000000e+10 -3.699512843298104481e-01 -3.788817113212482601e-01 -3.623641552850609404e-01 -3.824330600688420345e-01 -3.556107963889386103e-01 -3.855714556084099409e-01 -3.497421467722914845e-01
1.258925411794166183e+10 -3.615503654300007419e-01 -3.706793175594113032e-01 -3.540476560027979169e-01 -3.789496223900494232e-01 -3.463184389363320737e-01 -3.848680379481385083e-01 -3.393357205755554995e-01
1.584893192461110878e+10 -3.480427497756909405e-01 -3.585265949194176294e-01 -3.379657065385246462e-01 -3.634545006706300652e-01 -3.311362168286250407e-01 -3.665786145198358659e-01 -3.288833560376314136e-01
1.995262314968874741e+10 -3.345251457673795725e-01 -3.465978731800873902e-01 -3.231379597022269734e-01 -3.569182417494324300e-01 -3.159260395098223428e-01 -3.605436733932250171e-01 -3.141674201565466396e-01
2.511886431509571838e+10 -3.192363260314266538e-01 -3.304399169906903078e-01 -3.078321846253431748e-01 -3.423801494518559085e-01 -3.007692076379914203e-01 -3.455979253510808591e-01 -2.888516730070314065e-01
3.162277660168379211e+10 -3.089601138809392467e-01 -3.177899493283818932e-01 -2.979554058159261665e-01 -3.279530572081677531e-01 -2.857597789103532016e-01 -3.365201136269728166e-01 -2.803931510632800550e-01
3.981071705534969330e+10 -2.973321031565345773e-01 -3.108395088468575151e-01 -2.794064478475385416e-01 -3.259327584918260690e-01 -2.629874681714023943e-01 -3.321744761502970489e-01 -2.589634942823327846e-01
5.011872336272714996e+10 -2.909473820881098849e-01 -3.089094980929710799e-01 -2.732224767699217294e-01 -3.194238158848393683e-01 -2.569354047910423766e-01 -3.225262028929944402e-01 -2.479538007190285331e-01
6.309573444801917267e+10 -2.790603771578336056e-01 -2.974266153748878483e-01 -2.629881591609726232e-01 -3.103543997698767765e-01 -2.485640387257338491e-01 -3.211174150913874148e-01 -2.354833350474785092e-01
7.943282347242822266e+10 -2.702108673459825416e-01 -2.845749061526977042e-01 -2.518660082034419601e-01 -2.990689068096835657e-01 -2.349161356502741937e-01 -3.274869333329183396e-01 -2.132643513971292371e-01
1.000000000000000000e+11 -2.677109413740026422e-01 -2.880889348350931800e-01 -2.475875288956495834e-01 -3.055644553877973069e-01 -2.301941393958092386e-01 -3.087220385414420898e-01 -2.151871580973321874e-01
1.258925411794166107e+11 -2.722197666525017490e-01 -2.961184533284930698e-01 -2.525904732893332616e-01 -3.143917539115579363e-01 -2.384319893571706928e-01 -3.296519631591244837e-01 -2.149953322483620644e-01
1.584893192461110840e+11 -2.784871102953098143e-01 -3.079410455868557550e-01 -2.525628657138256905e-01 -3.333193957614406511e-01 -2.364379192152722686e-01 -3.367350869411738779e-01 -2.207773646053412531e-01
1.995262314968882751e+11 -2.852179056714804206e-01 -3.110985023123515880e-01 -2.560707072720302402e-01 -3.251239384550255185e-01 -2.381682969666502614e-01 -3.332236949762575340e-01 -2.322491332686739129e-01
2.511886431509582214e+11 -2.904461880965353293e-01 -3.146360745083283117e-01 -2.514440187813151151e-01 -3.506773272160674804e-01 -2.186376226441960058e-01 -3.622772716160270745e-01 -1.934258060664436063e-01
3.162277660168379517e+11 -2.823832640685075557e-01 -3.157531864729450355e-01 -2.465677202087207254e-01 -3.375400199010251123e-01 -2.084700424280544473e-01 -3.537700892757341120e-01 -1.963262897816156483e-01
3.981071705534969482e+11 -2.718458835702394216e-01 -3.071782078127209825e-01 -2.367640885481759327e-01 -3.226574590068084225e-01 -1.910434485987603237e-01 -3.642187395964787133e-01 -1.602591429528996136e-01
5.011872336272714844e+11 -2.702492376774034422e-01 -3.046397797431016907e-01 -2.289591174799449069e-01 -3.525614880246448202e-01 -1.950145722034837825e-01 -3.743016548750606187e-01 -1.729379671107496297e-01
6.309573444801943359e+11 -2.627420977071526220e-01 -3.185762870344551745e-01 -2.154545302392057160e-01 -3.512721523779459565e-01 -1.720723057278801815e-01 -3.703132877208626939e-01 -1.263229219019595395e-01
7.943282347242821045e+11 -2.671583615479767859e-01 -3.232005574580524843e-01 -2.042762943234081585e-01 -3.789667524602614024e-01 -1.596829424717827739e-01 -3.967860059177347187e-01 -1.434866029636410467e-01
1.000000000000000000e+12 -3.050355172134241455e-01 -3.549272434134828069e-01 -2.415831818013467192e-01 -4.098500721832205596e-01 -1.821233260999556847e-01 -4.314837726161937503e-01 -1.692651842075198476e-01
1.258925411794166260e+12 -3.126690223697036197e-01 -3.832589421163059562e-01 -2.443990606533708032e-01 -4.567759706536391739e-01 -1.714098357333465050e-01 -4.866310200160395283e-01 -1.373992860924150017e-01
1.584893192461110840e+12 -3.415784541491116988e-01 -4.182883060546717657e-01 -2.575499019463605155e-01 -4.663002795134466028e-01 -1.876204712541413855e-01 -5.109187116875045787e-01 -1.574563502647582935e-01
1.995262314968882812e+12 -3.233597984575375395e-01 -3.869499707500504981e-01 -2.351685317694799104e-01 -4.725862565454554964e-01 -1.216279543774920341e-01 -5.072165238123890196e-01 2.565258712806572916e-02
2.511886431509582031e+12 -2.967915354773495440e-01 -3.605043672746812700e-01 -1.951770348704964242e-01 -4.513495205931798981e-01 -1.075386157404228243e-01 -5.078687098012056866e-01 -7.056879721549882967e-02
3.162277660168379395e+12 -2.642782887587122320e-01 -3.479448763823526081e-01 -1.599842803121646895e-01 -4.157156452724483087e-01 -8.180477473015637657e-02 -4.439804523291253635e-01 -3.485409318622183228e-02
