# M200c[Msun] <corr> corr+ corr- corr++ corr-- corr+++ corr---
1.000000000000000000e+09 1.932519830948894735e-01 1.907778025512473219e-01 1.961909058479103241e-01 1.888519408569148128e-01 1.978687819596444131e-01 1.861759835063298008e-01 2.000470743079760805e-01
1.258925411794166088e+09 1.896230299424327970e-01 1.863205022354730012e-01 1.925095419554977150e-01 1.844736752699583926e-01 1.961181499498764191e-01 1.830085601137324824e-01 1.966199991991536278e-01
1.584893192461110830e+09 1.844156938154831171e-01 1.812399559174001085e-01 1.872715239212497385e-01 1.789342036266274860e-01 1.904225176412876752e-01 1.766160144605659343e-01 1.907129664376467360e-01
1.995262314968882799e+09 1.797725369084569591e-01 1.774646139994430771e-01 1.828958509409837618e-01 1.758708515125219640e-01 1.850178775313245927e-01 1.718023615965666440e-01 1.867941264924748990e-01
2.511886431509582043e+09 1.762706956895125354e-01 1.724291644388765699e-01 1.802667805752932451e-01 1.688710437399729980e-01 1.839870414494697848e-01 1.641897594619051437e-01 1.852021651053260554e-01
3.162277660168379307e+09 1.726018323415602351e-01 1.689563941877099407e-01 1.761558971232899951e-01 1.658054599651133110e-01 1.806241955101782204e-01 1.598937181263117568e-01 1.817657657596162823e-01
3.981071705534969330e+09 1.686988079795370410e-01 1.654306587973501386e-01 1.734229534255915806e-01 1.623620070930721360e-01 1.782766179553992025e-01 1.614387700641618517e-01 1.803132254548126256e-01
5.011872336272714615e+09 1.676333535054902180e-01 1.609684953181778622e-01 1.723736307869571660e-01 1.556029759754532504e-01 1.759819777458056511e-01 1.538778433633932186e-01 1.788788394454471631e-01
6.309573444801942825e+09 1.671508351128380698e-01 1.615076381173831954e-01 1.725513914922686132e-01 1.565188436365005931e-01 1.757672993838531594e-01 1.520366863037370120e-01 1.780968002755117796e-01
7.943282347242821693e+09 1.675180691309239855e-01 1.617020000127271651e-01 1.718610311043330396e-01 1.575186638152418217e-01 1.773034021773451097e-01 1.519128423793211780e-01 1.803005505163656486e-01
1.000000000000000000e+10 1.682573968231383388e-01 1.618660289904034766e-01 1.753716268559359082e-01 1.542245381047812058e-01 1.792921320065658242e-01 1.515472320000046114e-01 1.810886676463401845e-01
1.258925411794166183e+10 1.697409066755476148e-01 1.610729609202231627e-01 1.768939199545934426e-01 1.541634856221997529e-01 1.828378798174800923e-01 1.527467609660874137e-01 1.856686868724380657e-01
1.584893192461110878e+10 1.672938533202013578e-01 1.608146800580332325e-01 1.746550984987220168e-01 1.493353430446137942e-01 1.845483396381341068e-01 1.429304453968552324e-01 1.882907780474534498e-01
1.995262314968882751e+10 1.638372627595880426e-01 1.567283833602253762e-01 1.741487158362950705e-01 1.482598590555064266e-01 1.844128300824307010e-01 1.420344521100371793e-01 1.924699608605287549e-01
2.511886431509582138e+10 1.535911022500177636e-01 1.442283835197974151e-01 1.657074409900562428e-01 1.358068507535655778e-01 1.777824634343365684e-01 1.306332578484123152e-01 1.853105275796910201e-01
3.162277660168379211e+10 1.422723847568730937e-01 1.294548511743071895e-01 1.519614605924393957e-01 1.203346517484566724e-01 1.625155650344518032e-01 1.148365156039814483e-01 1.677919853527596594e-01
3.981071705534969330e+10 1.241950559454317454e-01 1.132627919268841127e-01 1.357591352081367886e-01 1.048003377211027543e-01 1.500857722514661874e-01 9.674608311580906728e-02 1.531832917821905338e-01
5.011872336272714996e+10 1.076881981446008718e-01 9.067246160418286627e-02 1.208804336929126672e-01 7.194555144865572016e-02 1.379729447573002643e-01 5.981188631546831280e-02 1.481891331631181308e-01
6.309573444801917267e+10 9.053131589739771279e-02 7.349567543488660926e-02 1.142141002444307940e-01 5.821670257499008544e-02 1.238243309594612707e-01 4.539696180235142098e-02 1.308031358348334394e-01
7.943282347242788696e+10 7.709317168353904681e-02 5.793532034083150734e-02 9.632583211536124845e-02 2.640635266687604149e-02 1.078053211225745295e-01 1.980572612267808563e-02 1.236493674337788701e-01
1.000000000000000000e+11 7.148285372870577525e-02 4.897528899241052752e-02 8.803650204635748988e-02 3.173561361167332590e-02 1.057005560516036946e-01 2.724386664039255349e-02 1.110925769909219402e-01
1.258925411794166107e+11 6.426169092018639561e-02 3.532982153518299251e-02 9.065516780568878830e-02 8.762882841648955007e-03 1.096631838368940237e-01 5.577372398356232261e-03 1.167674094334562734e-01
1.584893192461110840e+11 5.354317450030673248e-02 3.005584668348776009e-02 8.700294968798082118e-02 4.544349262801897910e-03 1.146993327193631257e-01 -9.217874024011831618e-03 1.332742975013052333e-01
1.995262314968874817e+11 5.980372864529481108e-02 3.907207034667195544e-02 9.349724505753952142e-02 5.615642116187677217e-03 1.311506393746550148e-01 -2.343356532913912216e-02 1.361922013566074230e-01
2.511886431509571838e+11 5.601931308696936340e-02 2.232392379877825433e-02 8.089451798463764831e-02 -4.038387249486286718e-03 1.179481595893226015e-01 -5.351601216623907281e-02 1.372360469315757614e-01
3.162277660168379517e+11 6.459177226358947532e-02 2.335794538864660944e-02 1.061429927801336298e-01 -1.718941293685363053e-02 1.232555894305896738e-01 -2.826674920011012018e-02 1.456248857782137807e-01
3.981071705534969482e+11 7.330468916965696136e-02 3.711544099848780587e-02 1.091478524549164969e-01 -2.288613994073020533e-02 1.446258644120057280e-01 -3.880336885118700063e-02 1.956527594346580134e-01
5.011872336272714844e+11 6.280207431989551226e-02 1.465300186621158220e-02 1.002148973431221668e-01 -3.871733523357999418e-02 1.334867187955076917e-01 -5.304788522616926683e-02 1.459682627188901849e-01
6.309573444801916504e+11 2.464777014512590375e-02 -2.766122552587777991e-02 7.772556034690723814e-02 -6.739871958142254482e-02 1.154983208635050745e-01 -1.021110331911662394e-01 1.403624515443489817e-01
7.943282347242789307e+11 -1.590660382742646248e-02 -7.173472312658543681e-02 4.697667113881329182e-02 -1.168544144682729102e-01 8.752245471029644619e-02 -1.462808826139595786e-01 9.797722027029145964e-02
1.000000000000000000e+12 -5.054388342839629539e-02 -1.264479777114673742e-01 3.325868473838635569e-02 -1.905367770398111171e-01 9.706144455582280117e-02 -2.688200921459575343e-01 1.388266575332490760e-01
1.258925411794166260e+12 -5.028117077714903960e-02 -1.322347268620815142e-01 3.503926909986392058e-02 -2.198723763082865712e-01 9.508198483328980655e-02 -2.555898294095967915e-01 1.264892442470636202e-01
1.584893192461110840e+12 -9.512879019999040398e-02 -1.739824083297256407e-01 -8.594421950585909992e-03 -3.109806249583421112e-01 5.685852998867491070e-02 -3.592674906950205638e-01 1.499050649629769250e-01
