# M200c[Msun] <corr> corr+ corr- corr++ corr-- corr+++ corr---
1.995262314968882751e+11 1.876492693420052094e-01 1.844534806217873191e-01 1.905539321356104765e-01 1.818883000730349975e-01 1.937384359036652404e-01 1.807468742811575990e-01 1.949784146868549228e-01
2.511886431509582214e+11 1.863555305184958488e-01 1.837862493830697275e-01 1.886927457892220161e-01 1.801411614520342375e-01 1.919802546724845294e-01 1.795472754340958210e-01 1.946296503485571427e-01
3.162277660168379517e+11 1.827848528593604693e-01 1.804064148042552329e-01 1.849768001317130817e-01 1.783726669989135483e-01 1.879566064447670826e-01 1.759968010794870918e-01 1.898128530350065291e-01
3.981071705534985352e+11 1.773092120308413233e-01 1.745267551367978009e-01 1.799644087882661669e-01 1.712087358697452211e-01 1.827216603732799705e-01 1.684262959944789473e-01 1.841176103021563148e-01
5.011872336272734985e+11 1.709079326553711309e-01 1.678221729294303299e-01 1.746117220405078441e-01 1.652391101772922033e-01 1.769223921777953179e-01 1.645454625020708606e-01 1.788604515499176428e-01
6.309573444801943359e+11 1.632512604144708557e-01 1.597560257296121999e-01 1.665267656223768933e-01 1.549873060422088944e-01 1.685234188779274334e-01 1.525188789819525159e-01 1.699588971600018428e-01
7.943282347242821045e+11 1.541268608590673495e-01 1.510274653940543721e-01 1.585159986395033305e-01 1.452093418265753000e-01 1.631569069587571752e-01 1.421897684250920668e-01 1.658885003940976655e-01
1.000000000000000000e+12 1.457908920204091241e-01 1.407738845872901767e-01 1.498353641569070138e-01 1.374333213779191654e-01 1.519353392867367203e-01 1.317002948921486838e-01 1.544629243585651512e-01
1.258925411794171387e+12 1.316432621808005798e-01 1.266952693453591294e-01 1.372960232454512874e-01 1.226102160822982040e-01 1.403879509238670775e-01 1.189207444170389399e-01 1.410931856508488014e-01
1.584893192461117432e+12 1.172423518867695691e-01 1.128485829474099866e-01 1.222235570075083932e-01 1.071876016185593500e-01 1.265664846054286863e-01 1.047911023375811546e-01 1.342301456838811413e-01
1.995262314968882812e+12 1.027298639050628348e-01 9.622417350593168162e-02 1.074543809023267571e-01 9.175999345815802344e-02 1.132455488092103252e-01 8.914298295016262474e-02 1.147288492463471865e-01
2.511886431509582031e+12 9.002006806158366348e-02 8.460964738650476880e-02 9.574356207691731013e-02 7.672336159645604114e-02 1.045480272658681625e-01 7.582592113277508705e-02 1.074172615841051948e-01
3.162277660168379395e+12 8.717695729703420215e-02 7.959799833277526881e-02 9.489814864967234531e-02 7.151375740510712564e-02 1.019632983485075778e-01 6.725647962897640664e-02 1.054942428816435102e-01
3.981071705534985352e+12 9.308122534360131761e-02 8.477914913579913392e-02 1.008930767859542582e-01 7.639734938133324604e-02 1.081014619485339834e-01 7.350250452256533451e-02 1.086302104529158208e-01
5.011872336272735352e+12 1.062685979611727727e-01 9.655514550928395723e-02 1.127525992669028421e-01 8.510816351461020224e-02 1.216911130759766868e-01 8.030320901982093695e-02 1.268555561300709345e-01
6.309573444801942383e+12 1.222911541410359737e-01 1.109081582515093478e-01 1.330921793952191123e-01 1.020067696615609976e-01 1.462935280700945473e-01 1.001299690673330550e-01 1.503122825013581410e-01
7.943282347242821289e+12 1.340266554195191084e-01 1.224274543342047800e-01 1.439392428695919768e-01 1.123731003914887200e-01 1.549630423973922533e-01 1.109967950400786163e-01 1.582179579750569165e-01
1.000000000000000000e+13 1.318113768515240536e-01 1.164182323073774949e-01 1.472496265082042233e-01 1.031569110187636334e-01 1.592672403612818144e-01 8.630424831768072902e-02 1.683347703565080955e-01
1.258925411794166211e+13 1.315978438716324250e-01 1.140544153606365130e-01 1.444465605606697345e-01 1.015219519009328830e-01 1.540237317065322187e-01 9.435299488995020634e-02 1.590769781143329675e-01
1.584893192461110938e+13 1.129998024847935212e-01 9.145212241816043364e-02 1.339297229519801624e-01 7.239635476104362699e-02 1.489858229128454559e-01 6.900841368074073223e-02 1.593148008271308980e-01
1.995262314968882812e+13 1.081618335242868212e-01 8.963325081349461654e-02 1.261256680853157508e-01 7.071318262319781223e-02 1.408141696069031834e-01 4.388248925474014239e-02 1.485524997003418168e-01
2.511886431509582031e+13 1.061934298087258005e-01 8.305260080879858786e-02 1.248184519347829424e-01 5.259344714354792505e-02 1.491539369307854912e-01 3.912545552453403769e-02 1.705645395867436409e-01
3.162277660168379297e+13 1.033337191106936670e-01 8.213854992607662331e-02 1.251252844342913562e-01 6.767340497972246238e-02 1.418083087030221900e-01 4.144483395227859662e-02 1.735130731008666105e-01
3.981071705534969531e+13 1.124723769412148966e-01 8.374967100741531612e-02 1.381774965109994202e-01 5.163871995724983455e-02 1.558166187726545693e-01 3.624691661422292654e-02 1.798558921795198329e-01
5.011872336272714844e+13 1.251658037472644369e-01 9.886044906178327596e-02 1.491073091394036765e-01 7.410768586654353784e-02 1.693215520107573813e-01 6.460711568573326846e-02 1.759842661176509726e-01
6.309573444801942969e+13 1.440952483886862312e-01 1.191885879985189606e-01 1.770674883863709026e-01 9.038573384544051903e-02 2.000494400143796037e-01 8.206392996425918018e-02 2.109144324723087882e-01
7.943282347242821875e+13 1.506080681962366219e-01 1.154816935484992008e-01 1.839639936674137555e-01 8.343754192378360912e-02 2.101836478138797981e-01 7.230697032990138218e-02 2.475794881030197181e-01
1.000000000000000000e+14 1.463918238155766938e-01 1.012422974658445801e-01 1.892151498841670998e-01 5.283248812388132570e-02 2.143735639360067613e-01 2.103048565596371544e-02 2.356855699270574700e-01
1.258925411794166250e+14 1.328567095284482469e-01 8.304508963570167435e-02 1.703116828921406867e-01 4.536178120375052025e-02 2.146361403370955212e-01 4.164146489965264708e-02 2.523742484139511744e-01
1.584893192461110938e+14 1.173527850733231404e-01 5.722970449285081501e-02 1.728070760768574410e-01 1.015968600726548272e-02 2.249856312777258616e-01 -1.318090835786793133e-02 2.329150364259026107e-01
1.995262314968882812e+14 1.017172039326537103e-01 3.489360789719661571e-02 1.669519552021166975e-01 -2.978505347175108495e-02 2.206496894071166837e-01 -5.652935839116274286e-02 2.416181515347843589e-01
2.511886431509582188e+14 1.180305536927240551e-01 3.650951452008100589e-02 1.669212196849072516e-01 -1.425210688662085882e-02 2.433216949765151516e-01 -8.442224992011784779e-02 2.757063041243263402e-01
3.162277660168379375e+14 1.561470970058231600e-01 8.079695839952050207e-02 2.398564348856845052e-01 1.931862280266806800e-02 3.033540635710417765e-01 -3.864950729618682468e-02 3.106650227256398944e-01
