# M200c[Msun] <corr> corr+ corr- corr++ corr-- corr+++ corr---
1.000000000000000000e+09 2.398296205459760355e-01 2.369028966142731618e-01 2.424681037821768415e-01 2.347439633866033049e-01 2.453446780480084688e-01 2.337168152354055228e-01 2.511218799721075534e-01
1.258925411794166088e+09 2.343269551972128606e-01 2.317438246605742214e-01 2.372752783403184740e-01 2.298283496890133892e-01 2.401428881746388022e-01 2.265099428024192063e-01 2.428324410927391597e-01
1.584893192461110830e+09 2.289937464257589539e-01 2.263351757446787071e-01 2.315579977372166087e-01 2.208057766768583008e-01 2.346364214773303813e-01 2.195843029398084068e-01 2.379056943717941519e-01
1.995262314968882799e+09 2.216971866307996253e-01 2.185884043917389885e-01 2.251824150953574966e-01 2.150196699125302979e-01 2.271439014023529934e-01 2.134889105661440523e-01 2.273305762455310186e-01
2.511886431509582043e+09 2.140296666814257565e-01 2.109531749483476992e-01 2.179506984428227490e-01 2.085828844625213507e-01 2.205733544797146561e-01 2.063254837496871497e-01 2.228963967891716413e-01
3.162277660168379307e+09 2.081159402064169939e-01 2.041386734761524990e-01 2.116499840287479894e-01 1.997543276118184108e-01 2.156005710325861191e-01 1.943054035867314844e-01 2.188623637325114446e-01
3.981071705534969330e+09 1.998837311723566934e-01 1.949786499902393389e-01 2.042468220266357992e-01 1.908350082975509010e-01 2.076684614569473120e-01 1.874454317421373750e-01 2.112949914918629268e-01
5.011872336272714615e+09 1.940612654818131000e-01 1.882774605038192439e-01 1.989649059759288074e-01 1.826136272995948495e-01 2.031110143665491030e-01 1.776279594842009868e-01 2.061694421171951230e-01
6.309573444801942825e+09 1.908052754631685000e-01 1.853121027424688982e-01 1.962484726550565717e-01 1.779428623679865096e-01 2.015142161411578869e-01 1.718637142176502319e-01 2.029761614993540186e-01
7.943282347242821693e+09 1.876196236231314485e-01 1.811467060063252921e-01 1.931704680230965920e-01 1.751687767588104849e-01 1.968078092732717388e-01 1.737044591592171727e-01 2.014268485936597519e-01
1.000000000000000000e+10 1.853656701036863197e-01 1.787704071782951487e-01 1.938454017033612309e-01 1.743632562818095977e-01 1.975910098849967267e-01 1.735458241598580031e-01 2.019372598810800501e-01
1.258925411794166183e+10 1.833115727994990563e-01 1.747646204737620390e-01 1.911221612139804571e-01 1.692157797407932152e-01 1.960239548458837522e-01 1.685838685921085822e-01 2.004194189040724439e-01
1.584893192461110878e+10 1.817486747893830024e-01 1.738289441418946757e-01 1.887078372656581515e-01 1.620136964859766882e-01 1.962363650207372134e-01 1.562878319096831781e-01 2.016500621228388412e-01
1.995262314968882751e+10 1.777017468680074930e-01 1.708520932819178051e-01 1.868997623825720267e-01 1.603964365434728534e-01 1.944801448167735591e-01 1.573088696472464965e-01 2.028382249080767363e-01
2.511886431509582138e+10 1.764640442852500324e-01 1.679697426455503406e-01 1.878830950438920566e-01 1.562259112260271088e-01 1.943330086065739315e-01 1.539666263672362645e-01 2.142500385885851011e-01
3.162277660168379211e+10 1.711761911641940248e-01 1.603768424577360352e-01 1.787106909956256984e-01 1.497812509939625003e-01 1.891016805854563998e-01 1.435304822108797729e-01 1.946053428976716182e-01
3.981071705534969330e+10 1.625925866124643404e-01 1.491004243469861712e-01 1.757713909695327592e-01 1.381819242429985217e-01 1.870931357468851031e-01 1.325645404225751778e-01 1.941041548124309846e-01
5.011872336272714996e+10 1.589775340306427975e-01 1.469257297785906136e-01 1.739277482211406822e-01 1.343956425571111446e-01 1.866723604951628923e-01 1.253181666853384890e-01 1.881359816240108507e-01
6.309573444801942444e+10 1.532620201348585676e-01 1.408462031668389070e-01 1.683116150170526903e-01 1.246037690411145316e-01 1.780558999181630908e-01 1.141776711609517880e-01 1.825687997375211591e-01
7.943282347242822266e+10 1.474248003519898487e-01 1.268750030084212499e-01 1.643303790223278049e-01 1.118459618882979012e-01 1.787998795767734017e-01 9.770270606187933526e-02 1.890689409329938397e-01
1.000000000000000000e+11 1.296975306608999789e-01 1.133013997966395570e-01 1.496393917689000930e-01 9.063565662660208466e-02 1.708179304481557415e-01 8.107185891177379200e-02 1.770744177354847404e-01
1.258925411794166107e+11 1.220204527130279160e-01 9.949440413569984876e-02 1.520477413259888333e-01 8.183746435967548249e-02 1.630233855567735646e-01 5.457197508728350160e-02 1.730684573739685872e-01
1.584893192461110840e+11 1.063952826614336100e-01 8.831200111394084395e-02 1.283690830995385945e-01 6.211937655338065079e-02 1.574420398311806302e-01 4.931526183254807821e-02 1.678379635644338952e-01
1.995262314968882751e+11 1.174268026138865356e-01 9.074630503664549153e-02 1.371831767427530990e-01 6.991688543105305242e-02 1.595991893801835260e-01 5.813970373295827138e-02 1.746756182437962657e-01
2.511886431509582214e+11 1.277446744242496657e-01 9.496622255029571469e-02 1.491864481704002765e-01 6.315453247726295072e-02 1.795856860979503922e-01 4.900985574984812604e-02 1.949728573041291102e-01
3.162277660168379517e+11 1.540133062091009752e-01 1.158948080883331899e-01 1.759154975178057745e-01 7.757505624446306425e-02 2.009468955491814368e-01 7.029867065627816436e-02 2.621149825022868751e-01
3.981071705534969482e+11 1.510527695020899008e-01 1.101761062232805011e-01 1.854209636916479553e-01 7.886327597210118778e-02 2.177009858440298873e-01 -9.380265835944945688e-04 2.241061785214037705e-01
5.011872336272714844e+11 1.345787183603604498e-01 8.311424373605114102e-02 1.712777642076636075e-01 5.600000811556380548e-02 2.043584440382930356e-01 3.074584419648257461e-02 2.254549713282000267e-01
6.309573444801943359e+11 1.136698981915016393e-01 5.158766846546523899e-02 1.765954071117890045e-01 1.681716080885771805e-02 2.270447773867010910e-01 -3.165401384248996142e-02 2.698893901526563388e-01
7.943282347242821045e+11 6.326654021457714383e-02 5.860904426300186237e-03 1.302218783630551546e-01 -5.729577154021531227e-02 1.650768987862720472e-01 -7.781542289822390712e-02 1.895797350096429801e-01
1.000000000000000000e+12 3.952030425127243951e-02 -3.383870610012628538e-02 1.192418645058518079e-01 -7.016330250399802071e-02 1.856853251798567528e-01 -1.397576101909162594e-01 2.294964752257669938e-01
1.258925411794166260e+12 2.647807756835829363e-02 -3.945166090321502311e-02 1.073596918194121425e-01 -1.010788627882034107e-01 1.702959655678106254e-01 -1.463086428371013770e-01 2.478682492024548156e-01
1.584893192461110840e+12 4.058827915474625542e-02 -3.309186855181210640e-02 1.041637231636120403e-01 -1.135070587804069830e-01 1.976490557249910296e-01 -1.975374067699023628e-01 2.108184531712969934e-01
1.995262314968882812e+12 1.636123018257943512e-02 -6.345737523111080747e-02 8.507452162364827208e-02 -1.472859218732529007e-01 1.721709771815545520e-01 -1.636085566012191184e-01 2.222028118382816386e-01
2.511886431509582031e+12 -5.367942706228687189e-02 -1.378529232593162790e-01 7.888799586054827395e-02 -2.102211409613484461e-01 1.269856561106495751e-01 -2.783098428059954110e-01 1.289568304123472620e-01
