# M200c[Msun] <corr> corr+ corr- corr++ corr-- corr+++ corr---
1.000000000000000000e+10 -4.157057057770314756e-01 -4.186593417326260336e-01 -4.128374879685683396e-01 -4.224996402674270346e-01 -4.098093186292121048e-01 -4.242335506723245997e-01 -4.084603558945428259e-01
1.258925411794166183e+10 -4.195493165153052484e-01 -4.222153740506411901e-01 -4.170327102236848216e-01 -4.248519937607523334e-01 -4.143681878221471271e-01 -4.259416083590648050e-01 -4.131083808756852993e-01
1.584893192461110878e+10 -4.228965570947300634e-01 -4.253311999491517503e-01 -4.199756914397222429e-01 -4.288642559692131817e-01 -4.174246236591471759e-01 -4.333169664691092771e-01 -4.172578767831106594e-01
1.995262314968882751e+10 -4.275346065779569438e-01 -4.307131574723817025e-01 -4.246781562427369705e-01 -4.330768084639118332e-01 -4.223416855375029533e-01 -4.348205706992266384e-01 -4.195408996449854766e-01
2.511886431509582138e+10 -4.316858885717009819e-01 -4.350669759753388877e-01 -4.280797932471733791e-01 -4.367723826096201467e-01 -4.257926281681311265e-01 -4.371125289827522131e-01 -4.248242066311836429e-01
3.162277660168379211e+10 -4.361414524433965267e-01 -4.393117085704262847e-01 -4.333199730602519395e-01 -4.425824695868190162e-01 -4.290804110722779008e-01 -4.452466435151478108e-01 -4.279595643115755021e-01
3.981071705534969330e+10 -4.418378362608942345e-01 -4.458269397667508072e-01 -4.374615045890252740e-01 -4.479794811923041298e-01 -4.335498010828345850e-01 -4.508260820138967340e-01 -4.276220420562378832e-01
5.011872336272714996e+10 -4.474118100462903813e-01 -4.510426726219567417e-01 -4.435285912229436911e-01 -4.558062219740144361e-01 -4.370318527896586702e-01 -4.592706743963406169e-01 -4.357218721436836861e-01
6.309573444801942444e+10 -4.529079594877877812e-01 -4.577845928519986840e-01 -4.491326875831002097e-01 -4.636522509871662256e-01 -4.463647438852633709e-01 -4.651631286528891129e-01 -4.410890275384525272e-01
7.943282347242822266e+10 -4.583931900851268004e-01 -4.640798115761902709e-01 -4.526354623873709571e-01 -4.674315578478149824e-01 -4.470893995799513077e-01 -4.734673167590937037e-01 -4.436421916529648124e-01
1.000000000000000000e+11 -4.648323250029663956e-01 -4.715872637249412525e-01 -4.590301682660150595e-01 -4.749100159582729797e-01 -4.523257935989059564e-01 -4.795986099003319847e-01 -4.487284576937664582e-01
1.258925411794166107e+11 -4.723413472614912401e-01 -4.784287716568632609e-01 -4.673919612379671684e-01 -4.837868431332827956e-01 -4.598410096844239292e-01 -4.868962500363120949e-01 -4.550756122153809535e-01
1.584893192461110840e+11 -4.811988742741678537e-01 -4.882691622134925358e-01 -4.745782044024579593e-01 -4.967575423080161645e-01 -4.706573570450995891e-01 -4.993960478295105254e-01 -4.685617598355699687e-01
1.995262314968882751e+11 -4.925330618389281434e-01 -4.987535969764648747e-01 -4.853946413448972930e-01 -5.050671695170306785e-01 -4.768459012226771154e-01 -5.117797318582840704e-01 -4.726539919501460685e-01
2.511886431509582214e+11 -5.026902229384491161e-01 -5.106136305634283445e-01 -4.942969510778973952e-01 -5.148185151772242119e-01 -4.875511020614332058e-01 -5.205942126390092906e-01 -4.852426954426395378e-01
3.162277660168379517e+11 -5.102211208647731144e-01 -5.185714683007768278e-01 -5.018824245404914786e-01 -5.252926458565602141e-01 -4.953017001449226409e-01 -5.307539185417455840e-01 -4.899496877432968911e-01
3.981071705534969482e+11 -5.149153670098940427e-01 -5.259149475419571118e-01 -5.056660103442741638e-01 -5.304682531445297222e-01 -4.936359600323129149e-01 -5.346440902100376702e-01 -4.930656191300202829e-01
5.011872336272734985e+11 -5.152078869913649939e-01 -5.259532443330694473e-01 -5.055602832000773983e-01 -5.344041858971521064e-01 -4.952650530432510800e-01 -5.378653115359832704e-01 -4.892965344326483113e-01
6.309573444801943359e+11 -5.229211574101511051e-01 -5.358820437622862087e-01 -5.143327688499040873e-01 -5.483301125575297252e-01 -5.029101641835227454e-01 -5.536544936199686573e-01 -5.012002384515537035e-01
7.943282347242821045e+11 -5.220143312207381481e-01 -5.325930900231223841e-01 -5.112012241281815861e-01 -5.463218156897320377e-01 -5.028647893942508329e-01 -5.497777186627065271e-01 -4.943936376560232326e-01
1.000000000000000000e+12 -5.261220553238403763e-01 -5.398878569778680081e-01 -5.127113733404463636e-01 -5.536725606180163961e-01 -4.970877412590851141e-01 -5.618113415929170129e-01 -4.867795924520620376e-01
1.258925411794171387e+12 -5.213881363907926225e-01 -5.341393333339365945e-01 -5.045013981585038110e-01 -5.439028428217644873e-01 -4.870346435100149640e-01 -5.534294979463357800e-01 -4.828639046182355843e-01
1.584893192461117432e+12 -5.161889315539327505e-01 -5.318799108362605166e-01 -5.002849367504779154e-01 -5.418532054547975374e-01 -4.870461598260171776e-01 -5.468409479916074289e-01 -4.649894393341545418e-01
1.995262314968882812e+12 -5.069086669807387757e-01 -5.279393612469415187e-01 -4.829662649750163239e-01 -5.425979444896309456e-01 -4.686753732163946862e-01 -5.508918310851094180e-01 -4.572409837382558351e-01
2.511886431509582031e+12 -4.939427003260152826e-01 -5.165705483620794958e-01 -4.743785355887248367e-01 -5.407872749378646038e-01 -4.509872172780102773e-01 -5.537303566193749749e-01 -4.186481875717536494e-01
3.162277660168379395e+12 -4.868550529914095204e-01 -5.078323139275512377e-01 -4.599436615142714069e-01 -5.274479262183311423e-01 -4.426242993369459700e-01 -5.410353512432671819e-01 -4.330759150286771497e-01
3.981071705534985352e+12 -4.679913688014550877e-01 -4.955452743453241382e-01 -4.418549265055502495e-01 -5.149960009471232780e-01 -4.212892640566059388e-01 -5.291467846830194555e-01 -4.120357725093474199e-01
5.011872336272735352e+12 -4.525787137995109233e-01 -4.744017553919588348e-01 -4.203752711898470773e-01 -5.067130092981649847e-01 -3.983977491018932393e-01 -5.117642333362100171e-01 -3.713286560673263459e-01
6.309573444801942383e+12 -4.139819277175361689e-01 -4.421750469981433063e-01 -3.852526586608328030e-01 -4.645920140604190562e-01 -3.609808540973102886e-01 -5.215349585841859703e-01 -3.379505410743214866e-01
7.943282347242821289e+12 -3.547801777791603772e-01 -3.929335351536513699e-01 -3.130319313528731051e-01 -4.215086220420779517e-01 -2.841874166938112567e-01 -4.381893873980430287e-01 -2.782035346243194596e-01
1.000000000000000000e+13 -2.940095803591949997e-01 -3.451861797274364818e-01 -2.412274362448563747e-01 -4.216702159831958729e-01 -2.019650502878457821e-01 -4.413760106600028155e-01 -1.678858326408495527e-01
1.258925411794171289e+13 -2.197531006334892401e-01 -2.844752577971012553e-01 -1.486126076229072335e-01 -3.251446839933267441e-01 -8.540648664881642094e-02 -3.301077341511499119e-01 -4.158118394943618318e-02
1.584893192461117383e+13 -1.476838180747992724e-01 -2.113936091926683636e-01 -8.753232472547940735e-02 -3.200001925200832709e-01 -9.706496710111721382e-03 -3.622635023555138001e-01 1.527845222282088293e-02
1.995262314968882812e+13 -8.642141414117499032e-02 -1.888463689301199122e-01 -2.596545122898780839e-02 -2.852587214573054086e-01 1.005664467020684627e-01 -3.487569991721616303e-01 1.522234112682842033e-01
