# M200c[Msun] <corr> corr+ corr- corr++ corr-- corr+++ corr---
1.000000000000000000e+09 -9.902476406383883822e-02 -1.020086476715205276e-01 -9.669633795525532649e-02 -1.037789332680140730e-01 -9.418404954286357933e-02 -1.067196860939088193e-01 -9.319777167400515594e-02
1.258925411794166088e+09 -9.718985192120604966e-02 -9.984919370356767909e-02 -9.480280459970980012e-02 -1.025888594172477686e-01 -9.196410923356662659e-02 -1.027716051414211546e-01 -9.002224146835835494e-02
1.584893192461110830e+09 -9.545777947635680771e-02 -9.780552526228990240e-02 -9.344327380462852384e-02 -1.002213935494474378e-01 -9.029915931571141918e-02 -1.015075223094955154e-01 -8.996213424328525221e-02
1.995262314968882799e+09 -9.258869031400840388e-02 -9.531707760549781860e-02 -8.998342150463931044e-02 -9.710350612279106119e-02 -8.780225624610560331e-02 -1.001750580692649245e-01 -8.678827225844883142e-02
2.511886431509582043e+09 -9.059868549409653971e-02 -9.412316275366164331e-02 -8.727295122516159909e-02 -9.683545083329551939e-02 -8.366455420172116964e-02 -9.880292283595967784e-02 -8.196280675608233479e-02
3.162277660168379307e+09 -8.935156671496091718e-02 -9.256754143084038045e-02 -8.572911528381121915e-02 -9.586443126439953000e-02 -8.131154689232336641e-02 -9.697766258879510215e-02 -7.986941428760400974e-02
3.981071705534969330e+09 -8.832599451709552407e-02 -9.277884235099113919e-02 -8.478683059263281141e-02 -9.875516601761472057e-02 -8.044305572645368829e-02 -1.008060014535442639e-01 -7.906172632725666505e-02
5.011872336272714615e+09 -8.767594783004716008e-02 -9.193912470183496222e-02 -8.351653854528401366e-02 -9.575779899195405176e-02 -7.952891423634333989e-02 -1.002734284890997585e-01 -7.688907499140885948e-02
6.309573444801942825e+09 -8.644654476459737169e-02 -9.186896244561162939e-02 -8.218397007582028957e-02 -9.515088853263858892e-02 -7.714700577433271367e-02 -1.035945788552438823e-01 -7.395010449133147812e-02
7.943282347242821693e+09 -8.377956404655602374e-02 -9.026771630206943675e-02 -7.874972807950635090e-02 -9.300422142331127295e-02 -7.629830168961566905e-02 -9.855910025250913531e-02 -7.275178242798943651e-02
1.000000000000000000e+10 -8.111299072456056025e-02 -8.687730094049392338e-02 -7.559886697178569426e-02 -9.322209274143868074e-02 -7.140614980593856798e-02 -9.605665583913540473e-02 -6.563548223130101500e-02
1.258925411794166183e+10 -7.923448771442996585e-02 -8.491100732966021247e-02 -7.141455322944731399e-02 -9.119436716844561697e-02 -6.481680563348651836e-02 -9.497519784043116642e-02 -6.301317097048704519e-02
1.584893192461110878e+10 -7.494333310169636053e-02 -8.350898210534431210e-02 -6.626431708663252373e-02 -9.073228036305887312e-02 -5.903524555546051100e-02 -9.511005493053856230e-02 -5.024094836386130969e-02
1.995262314968882751e+10 -7.018002631386138779e-02 -7.925784498175919568e-02 -6.142444373350046394e-02 -8.751225988798488897e-02 -5.647529325101438569e-02 -9.565371314321334528e-02 -4.497836414484217976e-02
2.511886431509582138e+10 -6.571343610074206754e-02 -7.473543873619876987e-02 -5.780479686676239653e-02 -8.611713298334303102e-02 -4.591577014786003830e-02 -8.956326170831999112e-02 -3.298236974541296496e-02
3.162277660168379211e+10 -6.138718936206089688e-02 -7.651065529003348020e-02 -4.792744918272454080e-02 -8.644406026527848286e-02 -4.026921833294373060e-02 -9.019232340265842529e-02 -3.162026839463800282e-02
3.981071705534969330e+10 -5.794017766208784531e-02 -7.429153912150851524e-02 -4.552683698612818713e-02 -8.579917067021684829e-02 -3.692782695180370223e-02 -9.963230831174019198e-02 -2.730700215723307761e-02
5.011872336272714996e+10 -6.106820907089673817e-02 -7.434233518922139794e-02 -4.637604689848772582e-02 -8.157484094022943166e-02 -3.450751778583542595e-02 -8.778672668405454460e-02 -2.555661673124439218e-02
6.309573444801942444e+10 -5.698159193105895026e-02 -7.668284352947805915e-02 -4.230448533931262939e-02 -9.175837407717959970e-02 -2.733848111373257325e-02 -9.368569320351466390e-02 -4.444190082936606140e-03
7.943282347242822266e+10 -5.268150978372559967e-02 -7.024888698919810881e-02 -2.840739655705218705e-02 -8.732588902757462690e-02 -7.550605209873962123e-03 -1.070965484750800584e-01 2.661019192114140279e-03
1.000000000000000000e+11 -4.320002296060275471e-02 -6.819019909580907590e-02 -1.678688433108894984e-02 -8.555056702885711906e-02 8.599191303753669739e-04 -1.023293248069920974e-01 1.440761138093128897e-02
1.258925411794166107e+11 -1.943613026646046071e-02 -4.571538503498460276e-02 4.460491058938894152e-03 -7.904945311180547329e-02 2.631090367007962033e-02 -9.150517760180365556e-02 3.988159965462619028e-02
1.584893192461110840e+11 1.314375389449922577e-02 -2.069147181040904143e-02 4.424778071837462412e-02 -5.014874314701641550e-02 7.761324884460382711e-02 -6.550008589112993329e-02 1.002388964746694505e-01
1.995262314968882751e+11 5.162178097131768506e-02 2.281531100127633799e-02 7.606525819538609290e-02 -1.061667946534128153e-02 1.103817169641369555e-01 -4.102248648152703736e-02 1.300397895479591670e-01
2.511886431509582214e+11 8.441386995084501632e-02 5.392907630535787034e-02 1.221612807693279457e-01 -1.789084741404295843e-03 1.512841944480879386e-01 -2.575359233611131810e-02 1.708924177631454544e-01
3.162277660168379517e+11 9.395195794495403430e-02 4.825765635386926322e-02 1.427152918005285542e-01 7.340519358115433352e-03 1.806837259609563318e-01 -2.509962737533961291e-02 2.002864202414406380e-01
3.981071705534969482e+11 7.964434680490012353e-02 3.128536452695596798e-02 1.154809392031800747e-01 -1.006321041413110740e-02 1.623927052919561242e-01 -7.473748884687544947e-02 2.042924785856188308e-01
5.011872336272714844e+11 4.860379722557571502e-02 1.699293031925863369e-03 9.951846151505031046e-02 -3.817420927102276040e-02 1.222770471350876076e-01 -6.649441445535113349e-02 1.648301298829377981e-01
6.309573444801943359e+11 3.399441912929197090e-02 -2.167411955748195160e-02 9.102147496147466876e-02 -6.144681806487112263e-02 1.670963719729218200e-01 -8.037658855469222152e-02 1.968079492529744567e-01
7.943282347242821045e+11 2.587232788460244043e-02 -4.439072802313759336e-02 9.592347493648735457e-02 -1.069146763431176039e-01 1.478276293681505260e-01 -1.644600142848645918e-01 1.598044257003228552e-01
1.000000000000000000e+12 6.683437804322081566e-02 -1.252938229418070620e-02 1.445672884929553592e-01 -9.488806097036306397e-02 2.348838001863291780e-01 -1.288552077150103836e-01 2.634419363075794496e-01
