# M200c[Msun] <corr> corr+ corr- corr++ corr-- corr+++ corr---
1.000000000000000000e+10 1.508880320549654541e-01 1.431316210735257832e-01 1.574171135601795668e-01 1.371342670981018363e-01 1.621550262864748793e-01 1.319778899645361325e-01 1.642763526726221390e-01
1.258925411794166183e+10 1.560991419659693291e-01 1.496110258843506013e-01 1.616916565423504870e-01 1.442983086922726144e-01 1.653657883330884037e-01 1.427104767550821662e-01 1.668484677617094181e-01
1.584893192461110878e+10 1.633366996676737515e-01 1.572090847886428722e-01 1.688995748218639070e-01 1.526444978583919032e-01 1.721101990009766824e-01 1.511287645454821582e-01 1.746408076521172581e-01
1.995262314968882751e+10 1.701518501100491298e-01 1.644403406743045748e-01 1.753305538455435797e-01 1.595604488845177582e-01 1.789364037891484072e-01 1.568042997601625244e-01 1.797483756616855000e-01
2.511886431509582138e+10 1.799375878666349127e-01 1.759658646276794636e-01 1.852426051423116671e-01 1.704507936387043010e-01 1.888417170208305795e-01 1.645231173268271174e-01 1.900776563658392593e-01
3.162277660168379211e+10 1.903233988981617442e-01 1.849887091598565458e-01 1.943191388799996866e-01 1.805907090303623397e-01 1.987378310671458759e-01 1.741699662592257059e-01 2.025411235339374116e-01
3.981071705534969330e+10 1.996563203049316060e-01 1.966071508936899637e-01 2.037982638445989259e-01 1.915166856422948205e-01 2.092795748975612158e-01 1.904038934715429066e-01 2.110875407268947845e-01
5.011872336272714996e+10 2.094790864441369305e-01 2.052205658379417375e-01 2.139213797697777641e-01 1.995351602021197546e-01 2.183865141967318291e-01 1.965443611341246843e-01 2.227833650495164020e-01
6.309573444801942444e+10 2.179878246173486134e-01 2.125402144366914103e-01 2.226344556765060545e-01 2.086087378323766561e-01 2.272625771071605238e-01 2.053638621895956251e-01 2.306885874539217895e-01
7.943282347242822266e+10 2.269689810538317865e-01 2.211153639869797571e-01 2.321395944770076047e-01 2.158184260784539177e-01 2.371580907050164500e-01 2.150882261789962835e-01 2.414814413596331200e-01
1.000000000000000000e+11 2.347688769363815153e-01 2.287525711786142224e-01 2.402066766311058421e-01 2.249776176721504095e-01 2.453262418177272752e-01 2.209868812713851605e-01 2.538147201632904859e-01
1.258925411794166107e+11 2.426520624090960365e-01 2.370080160533624969e-01 2.483487626179372021e-01 2.304585908919167259e-01 2.550835864904645867e-01 2.290122321615828127e-01 2.592519686947367119e-01
1.584893192461110840e+11 2.473373068146344500e-01 2.409269532918356105e-01 2.548667597148242536e-01 2.373077034416097852e-01 2.606079316021292502e-01 2.270280935260460264e-01 2.724145480587235046e-01
1.995262314968882751e+11 2.526928065988849892e-01 2.436373598532481921e-01 2.596196461962706481e-01 2.374900921691803224e-01 2.672774417034767813e-01 2.303542883433653266e-01 2.699157118036957237e-01
2.511886431509582214e+11 2.531567163753282168e-01 2.463732142967959837e-01 2.619399066281298816e-01 2.384685944661454893e-01 2.676363103338168514e-01 2.293063558798809076e-01 2.734566237191184968e-01
3.162277660168379517e+11 2.543253064750014003e-01 2.461174527424675185e-01 2.636957176965867289e-01 2.408321648777662638e-01 2.736854653549421479e-01 2.380713259453524633e-01 2.780824566295461153e-01
3.981071705534969482e+11 2.583438311107057461e-01 2.490573269947999879e-01 2.696835026097791910e-01 2.387773268851994812e-01 2.791363559284441020e-01 2.368683665604353061e-01 2.863594659822354949e-01
5.011872336272734985e+11 2.622021360280419877e-01 2.517541261861362956e-01 2.686908676384972550e-01 2.424219193774459769e-01 2.779460167799459591e-01 2.389628492107627733e-01 2.828071039504179152e-01
6.309573444801943359e+11 2.665173727746675825e-01 2.482324561598131807e-01 2.792322578457149818e-01 2.357384979867797881e-01 2.904490426338906528e-01 2.320554818503435812e-01 2.938727569091604264e-01
7.943282347242821045e+11 2.571854426334858612e-01 2.414861644740921021e-01 2.695686582548377230e-01 2.270835609996664228e-01 2.844386711952192059e-01 2.242503721034430075e-01 2.896808522804098507e-01
1.000000000000000000e+12 2.377949359398534579e-01 2.178013854029752505e-01 2.595221882997726937e-01 2.006822155054102108e-01 2.716470385824460432e-01 1.902356056929038752e-01 2.749506609393218559e-01
1.258925411794171387e+12 2.137783526032910331e-01 1.960982823842277456e-01 2.374524489910830871e-01 1.802922760377442257e-01 2.604676112285846390e-01 1.708229452660644798e-01 2.788587572311538310e-01
1.584893192461117432e+12 2.002361669714128323e-01 1.755664230382193436e-01 2.209999792707335875e-01 1.539275946489626623e-01 2.404783054230365535e-01 1.365585007994299105e-01 2.602882124413334330e-01
1.995262314968882812e+12 1.912909141355073894e-01 1.662932817810715280e-01 2.154559783482322965e-01 1.419284046584311509e-01 2.363552400910459150e-01 1.145123360588004152e-01 2.439421302426410532e-01
2.511886431509582031e+12 1.851106451723794344e-01 1.487461071083421016e-01 2.129026834614181907e-01 1.290983222707442479e-01 2.322051862006475065e-01 1.270173019840176165e-01 2.401329501182783710e-01
3.162277660168379395e+12 1.834354220982320205e-01 1.621276249725718821e-01 2.181628878979842145e-01 1.174292093762862865e-01 2.477664316702306024e-01 1.098160583238497606e-01 2.744938340558988887e-01
3.981071705534985352e+12 1.801083246668241378e-01 1.505621745098058573e-01 2.167627001030755785e-01 1.223315276796529127e-01 2.624829842726250084e-01 1.091948023135385221e-01 2.685790227137793140e-01
5.011872336272735352e+12 1.858274748200039461e-01 1.648925553298684066e-01 2.156023787949994663e-01 1.297544157768707462e-01 2.492149620018434819e-01 1.009856951192299040e-01 2.683350189806294472e-01
6.309573444801942383e+12 1.854689750144064009e-01 1.517579017423033860e-01 2.148361245484059490e-01 1.035078395476558277e-01 2.565914793288493478e-01 8.292256502954697961e-02 2.597485185917625672e-01
7.943282347242821289e+12 1.525595100861462106e-01 1.174538753635269994e-01 1.950697440642112368e-01 8.888622572568297131e-02 2.593740268784652803e-01 5.823635022834680597e-02 2.797739151669257351e-01
1.000000000000000000e+13 1.281376437487257713e-01 8.501754145539791585e-02 1.641962679313910267e-01 4.040657075176633251e-02 2.118711629221767534e-01 2.301591127535639048e-02 2.225973378311801865e-01
1.258925411794171289e+13 1.075047252234052619e-01 4.704875847641381420e-02 1.606543422829343204e-01 4.753152202684293032e-03 2.357509770102645952e-01 -2.747640251192645308e-02 2.683264202586111424e-01
1.584893192461117383e+13 7.797357899725620989e-02 9.590388859227312601e-03 1.398259006111193248e-01 -5.409697358540527246e-02 2.179229668551692090e-01 -7.603327231172531120e-02 2.527111533697963819e-01
1.995262314968882812e+13 3.296994108194705592e-02 -3.710581112836407180e-02 1.151730750070445175e-01 -1.264651197968718055e-01 1.714687027712190892e-01 -1.523122099305450894e-01 2.000495941957826651e-01
