# M200c[Msun] <corr> corr+ corr- corr++ corr-- corr+++ corr---
1.000000000000000000e+09 -8.136943892101056175e-02 -1.094886420930099025e-01 -5.977862922664437667e-02 -1.197374085953229750e-01 -4.061951797915988593e-02 -1.246511788785946012e-01 -2.031244698782783825e-02
1.258925411794166088e+09 -8.655963179529171936e-02 -1.069578128897838154e-01 -5.844893024325008984e-02 -1.283750680192147775e-01 -4.507522992321445071e-02 -1.360236812878562185e-01 -3.671178980746493681e-02
1.584893192461110830e+09 -9.467129074075211759e-02 -1.232481709879423848e-01 -6.410717906910334829e-02 -1.548713337606974494e-01 -3.713283046650324437e-02 -1.630733744767624560e-01 -3.307043982436741469e-02
1.995262314968882799e+09 -1.117875734775616026e-01 -1.317924582188603755e-01 -8.822413822690845786e-02 -1.615880049831868170e-01 -6.215459617489954569e-02 -1.774984364368012990e-01 -3.585685068960644400e-02
2.511886431509582043e+09 -1.433124465835886041e-01 -1.700774433826192089e-01 -1.104144686517781609e-01 -1.998225034964202784e-01 -7.436636147547710796e-02 -2.026785302624110885e-01 -4.225378296422364899e-02
3.162277660168379307e+09 -1.559648084464451412e-01 -2.069329662002090398e-01 -1.065780404974199375e-01 -2.553578467377907724e-01 -7.934333916070338000e-02 -2.758357784584573036e-01 -7.219650330693896945e-02
3.981071705534985542e+09 -1.633049388861760320e-01 -2.316860075986540424e-01 -1.167409427196095528e-01 -2.675686751539139152e-01 -7.562468246007569839e-02 -3.058082478602868748e-01 -4.352450421479356346e-02
5.011872336272735596e+09 -1.887948516305671398e-01 -2.519653286818089866e-01 -1.209369584331284747e-01 -2.911799988539263140e-01 -5.813674331287681241e-02 -3.397283200057292785e-01 4.012508813995875612e-04
6.309573444801942825e+09 -1.666843886999850310e-01 -2.285248981197327001e-01 -9.651136336506349611e-02 -2.894906830319068369e-01 -4.139517684857631219e-02 -3.149680849170091168e-01 -5.944120459927313901e-03
