# M200c[Msun] <corr> corr+ corr- corr++ corr-- corr+++ corr---
1.000000000000000000e+10 -1.631730135162697548e-01 -1.832618362093263731e-01 -1.362072451024997632e-01 -1.997921305260675628e-01 -1.217535201235193654e-01 -2.189706906380171347e-01 -9.565726803493695973e-02
1.258925411794166183e+10 -1.715401627334959822e-01 -1.911012349190568949e-01 -1.488731420432210795e-01 -2.100880277507334859e-01 -1.332093194154781446e-01 -2.218279084522467581e-01 -1.092461529643915380e-01
1.584893192461110878e+10 -1.884054291691124594e-01 -2.091885486274336625e-01 -1.659941902138419578e-01 -2.262596148999548307e-01 -1.358705293909613365e-01 -2.588455706496999853e-01 -1.146203265852253350e-01
1.995262314968882751e+10 -2.003616410232382239e-01 -2.318625809638211188e-01 -1.736126656766654452e-01 -2.588110329768698037e-01 -1.544064053133695769e-01 -2.695855632274998803e-01 -1.445936965913121319e-01
2.511886431509582138e+10 -2.152934014171012933e-01 -2.491189036727659289e-01 -1.861195236291059429e-01 -2.709026324731225177e-01 -1.508066547264711454e-01 -2.910220366538155412e-01 -1.209833665947651904e-01
3.162277660168379211e+10 -2.211882974917856459e-01 -2.695078341567072044e-01 -1.741938011921069229e-01 -2.995002586286494850e-01 -1.283060566531294688e-01 -3.090457620976692077e-01 -1.153888399014716959e-01
3.981071705534985352e+10 -2.144642394420589460e-01 -2.710761336812209099e-01 -1.622541738779200715e-01 -3.067271260526790999e-01 -9.198826074618436655e-02 -3.503671177199185194e-01 -8.391895898092223416e-02
5.011872336272734833e+10 -2.073792241634022648e-01 -2.514856995210907331e-01 -1.477716207668172965e-01 -3.000177252198749644e-01 -5.896696942928049412e-02 -3.156968661184433866e-01 -5.110774693086125170e-02
6.309573444801942444e+10 -1.838784389815892872e-01 -2.868760218701308928e-01 -7.580135839833249123e-02 -3.535035582460758774e-01 -1.773697774888596812e-02 -3.717971705711532460e-01 1.647658629978275210e-02
