# M200c[Msun] <corr> corr+ corr- corr++ corr-- corr+++ corr---
1.995262314968882751e+11 2.008848691037105894e-01 1.984668871062407192e-01 2.040241774648150208e-01 1.954147542561854856e-01 2.075415016729686146e-01 1.946190320452949596e-01 2.085326353947766220e-01
2.511886431509582214e+11 2.013658127980641477e-01 1.988962782081338809e-01 2.040259245239674502e-01 1.973139001163321249e-01 2.060859546485631355e-01 1.946747838905547312e-01 2.070505348425570047e-01
3.162277660168379517e+11 1.997121198288676902e-01 1.973328738643633229e-01 2.028284233540791626e-01 1.944685869429171321e-01 2.046692056108935787e-01 1.911842127990381612e-01 2.051587564696136790e-01
3.981071705534985352e+11 1.946487397423870003e-01 1.917394228368146103e-01 1.973516897838132056e-01 1.895932271749946330e-01 2.005863922858147630e-01 1.886894232274221039e-01 2.012995939689049274e-01
5.011872336272734985e+11 1.873733575866602385e-01 1.838782376295369780e-01 1.894018999128653236e-01 1.820230902979297349e-01 1.925070812762371686e-01 1.794648464573801172e-01 1.935014896486372815e-01
6.309573444801943359e+11 1.774184787472896097e-01 1.735203620952683878e-01 1.816997166472347491e-01 1.710483465676361226e-01 1.851144369110985788e-01 1.682384607704851820e-01 1.856251310809567678e-01
7.943282347242821045e+11 1.686239465464189624e-01 1.650038170446271046e-01 1.719052962593254075e-01 1.610929815652608621e-01 1.757738672987066986e-01 1.589545841167435691e-01 1.766864780613143504e-01
1.000000000000000000e+12 1.586267183004761716e-01 1.547679976490071441e-01 1.618534593434996505e-01 1.500392834079346815e-01 1.656311438401343872e-01 1.486518395941887338e-01 1.674675917022021843e-01
1.258925411794171387e+12 1.463975870863596929e-01 1.404946645482087475e-01 1.523168601126554944e-01 1.346105733686411843e-01 1.562983547134319529e-01 1.318738476979304797e-01 1.579782619941353661e-01
1.584893192461117432e+12 1.313287392875206183e-01 1.258640511226233882e-01 1.359688972760611514e-01 1.194016640435028032e-01 1.415419058950723452e-01 1.169195936877020503e-01 1.422934111362709197e-01
1.995262314968882812e+12 1.124759290495967873e-01 1.075170000625149669e-01 1.175054685900392276e-01 1.024548257599540574e-01 1.245744071743808967e-01 9.950560461556931524e-02 1.301325496488230093e-01
2.511886431509582031e+12 9.285267417076509266e-02 8.774880483252539554e-02 9.907023396008760030e-02 7.944511665377113063e-02 1.051627191326376248e-01 7.882384491342381283e-02 1.089682393782684805e-01
3.162277660168379395e+12 7.503254472318662827e-02 6.951782489132925236e-02 8.133308382518503188e-02 6.509942127506508636e-02 8.986215206778788711e-02 6.262475798219441225e-02 9.193638521582647716e-02
3.981071705534985352e+12 6.198584211683620671e-02 5.533611547149931698e-02 7.085228903287903168e-02 5.027655423328244999e-02 8.157734345787326369e-02 4.322324040814578411e-02 8.527598530491167783e-02
5.011872336272735352e+12 5.998352098809037192e-02 5.294546163919871401e-02 7.139406247303028974e-02 4.491905445775674216e-02 8.122116457247868793e-02 4.219183151225996270e-02 9.279573187465176010e-02
6.309573444801942383e+12 6.048971580730901770e-02 5.012194929688905398e-02 7.250921558116914245e-02 4.352316561912389359e-02 8.223919521188501058e-02 3.984923167460067972e-02 9.009632532552941386e-02
7.943282347242821289e+12 6.960671157597497771e-02 5.753665289953174833e-02 8.121376325014903474e-02 4.192441352959666578e-02 9.284977456537024665e-02 3.606697050731286214e-02 9.967696519254182208e-02
1.000000000000000000e+13 7.795866501697182316e-02 6.473852692694506694e-02 9.247825751322968912e-02 5.090894404958649921e-02 1.062565882567927944e-01 3.035093676336486634e-02 1.193668184424181433e-01
1.258925411794166211e+13 9.262571000335498295e-02 7.995382243856706539e-02 1.078263557015588792e-01 6.464195863449512247e-02 1.219699223680306144e-01 6.244825481202783551e-02 1.290924312630661597e-01
1.584893192461110938e+13 1.115163670003268409e-01 9.612024883288131094e-02 1.246582407452020425e-01 7.963705599897015486e-02 1.517926593810808578e-01 6.844713912328198591e-02 1.572964461688903526e-01
1.995262314968882812e+13 1.220887555245741829e-01 1.027302580003224136e-01 1.386189750938829901e-01 8.809105137589220980e-02 1.592282599765486584e-01 8.337174377975804795e-02 1.754118110638006045e-01
2.511886431509582031e+13 1.333563043441292062e-01 1.106697216087181301e-01 1.544825441166538249e-01 9.612517919463621496e-02 1.692198391551654468e-01 8.647957257638429207e-02 1.744119341927619637e-01
3.162277660168379297e+13 1.313895281877480725e-01 1.071074231371825225e-01 1.570949437452750230e-01 8.877396089852851446e-02 1.819291442403336845e-01 6.710056913430742509e-02 1.852774928570463109e-01
3.981071705534969531e+13 1.358363261827091883e-01 1.067047794699764046e-01 1.627885783863549651e-01 7.845651086717261857e-02 1.839529207702102764e-01 5.573998588868311899e-02 2.122630284895769548e-01
5.011872336272714844e+13 1.314371585004699416e-01 1.119570186196614109e-01 1.565836327417893248e-01 8.689581359904824387e-02 1.761412271079885739e-01 6.348791218249720536e-02 2.092846985313397412e-01
6.309573444801942969e+13 1.297798075120536465e-01 1.046377078567768543e-01 1.580701946420506876e-01 7.398231242853775536e-02 1.726587576054337547e-01 6.815678347508888346e-02 1.841632723397427784e-01
7.943282347242821875e+13 1.305680011167653087e-01 9.742459547674665876e-02 1.649298130205361645e-01 6.478073330776831784e-02 1.884350577156235773e-01 5.027901718284594201e-02 2.172864289325258103e-01
1.000000000000000000e+14 1.192997617075154532e-01 8.753224352627329841e-02 1.542000680927314848e-01 5.523345312734918855e-02 1.840434434640516037e-01 2.749442679018750113e-02 2.173753172477707885e-01
1.258925411794166250e+14 1.325721078404970277e-01 8.717169942447478004e-02 1.657743011469706151e-01 3.838459544722972600e-02 2.097532446792800542e-01 1.574500831125498837e-02 2.215149054122206862e-01
1.584893192461110938e+14 1.428723373138666985e-01 1.000235766793571290e-01 1.894031145322460363e-01 6.326369332705519821e-02 2.247150177563153606e-01 4.580504889621433290e-02 3.196845122064273514e-01
1.995262314968882812e+14 1.533592359177365916e-01 1.083262706839065448e-01 2.183398605420472927e-01 5.850944772224098839e-02 2.675618108144863783e-01 4.497340907573921936e-02 2.832963969229702617e-01
2.511886431509582188e+14 1.475364856446599315e-01 1.071384563564831000e-01 2.323628807583510980e-01 1.776088674739764728e-02 2.856797347616918947e-01 -4.739536626084805450e-03 3.044038807153202630e-01
3.162277660168379375e+14 1.636317419157340414e-01 1.077875271000013624e-01 2.215854184455495757e-01 1.398851581423054755e-02 2.770883459115990322e-01 -3.340781653505973947e-02 3.186020820495699679e-01
