# M200c[Msun] <corr> corr+ corr- corr++ corr-- corr+++ corr---
1.000000000000000000e+09 3.545778767084638572e-01 3.507663148193007063e-01 3.575621398173004506e-01 3.482939581501242055e-01 3.608109146948443313e-01 3.468953495251512753e-01 3.619283247967010064e-01
1.258925411794166088e+09 3.501028010136190138e-01 3.464145007909348317e-01 3.522097865322754151e-01 3.429313669353135086e-01 3.566939859756768083e-01 3.399256603450421799e-01 3.640556227261489419e-01
1.584893192461110830e+09 3.453383316744194076e-01 3.410741099266931808e-01 3.494759307367926726e-01 3.380596644628644509e-01 3.523745669771586320e-01 3.347927713360933644e-01 3.544847566155249763e-01
1.995262314968882799e+09 3.387535549588920336e-01 3.350713667474325419e-01 3.437328230179705346e-01 3.302240593209283537e-01 3.479952085062396616e-01 3.290067502603528649e-01 3.487238690446063383e-01
2.511886431509582043e+09 3.303213925562669129e-01 3.259203033890042400e-01 3.350415154747035107e-01 3.227147017316934763e-01 3.415158501735873209e-01 3.197107123490742220e-01 3.465654830447101320e-01
3.162277660168379307e+09 3.215600496795499863e-01 3.145938442339742958e-01 3.258987990161480441e-01 3.113103224118345946e-01 3.295325795255942269e-01 3.080359516870452286e-01 3.345246362964809372e-01
3.981071705534969330e+09 3.117873988233156313e-01 3.058740307402316172e-01 3.160739089388881484e-01 2.984375520455567199e-01 3.222655212618002474e-01 2.971149081787742285e-01 3.281046814289875213e-01
5.011872336272714615e+09 3.000629898593193401e-01 2.949591487877043505e-01 3.071489265016352777e-01 2.911075479048432779e-01 3.112318514263323621e-01 2.904869716643787569e-01 3.197338301288174534e-01
6.309573444801942825e+09 2.922388115924306473e-01 2.852914380822716423e-01 3.003086253132151717e-01 2.768572254958874268e-01 3.095347294636879854e-01 2.738704910582567820e-01 3.149598846427684173e-01
7.943282347242821693e+09 2.832261280910935985e-01 2.770200760576139731e-01 2.923746546878684405e-01 2.689501091769873065e-01 2.998670126392517510e-01 2.653134307967174310e-01 3.051330857624186543e-01
1.000000000000000000e+10 2.806050989330537426e-01 2.693224406419684747e-01 2.882278008867731334e-01 2.625550734014844290e-01 2.955706327886908902e-01 2.553057758650991715e-01 3.020645816378276227e-01
1.258925411794166183e+10 2.712177603163922202e-01 2.605517205044146634e-01 2.816031151443630920e-01 2.522587435712558279e-01 2.893835998612598326e-01 2.456103887926338880e-01 2.953135577738238426e-01
1.584893192461110878e+10 2.609491289860105256e-01 2.509794211955235776e-01 2.735672690211929381e-01 2.417501088676662357e-01 2.813271976169143818e-01 2.320979048079485907e-01 2.826961629431913314e-01
1.995262314968882751e+10 2.573750800728936694e-01 2.453917879280036185e-01 2.688138510135560932e-01 2.343321262004750272e-01 2.781082333014334163e-01 2.301726314397089523e-01 2.906134285720026744e-01
2.511886431509582138e+10 2.490396875263737597e-01 2.391438069731746940e-01 2.648613015553206718e-01 2.286981121068984157e-01 2.740185073492621415e-01 2.253824227865421359e-01 2.778767741025919280e-01
3.162277660168379211e+10 2.485132278449251053e-01 2.325208333771783265e-01 2.605914553756191743e-01 2.176906720637565296e-01 2.757990959950956666e-01 2.103989675627557787e-01 2.802435141310576361e-01
3.981071705534969330e+10 2.469105892733578222e-01 2.319485988431774504e-01 2.626574361798765245e-01 2.150945342085072154e-01 2.772460894014980304e-01 2.068738774568843197e-01 2.940752876434900021e-01
5.011872336272714996e+10 2.363233974854107300e-01 2.200277178660665911e-01 2.529205336057182008e-01 2.068506606452271690e-01 2.779035553460751373e-01 2.044136662986534292e-01 2.881715409700610908e-01
6.309573444801942444e+10 2.257283407408683384e-01 2.103803059627318839e-01 2.441021531415582535e-01 1.855432346731672733e-01 2.574957192381785442e-01 1.725864700333091806e-01 2.584973753028689814e-01
7.943282347242822266e+10 2.056412929235245657e-01 1.885412206363512311e-01 2.313210582558050399e-01 1.625194523952822045e-01 2.506024240299839501e-01 1.536265832647021323e-01 2.605852030902331973e-01
1.000000000000000000e+11 1.988284506481780567e-01 1.756122693911183197e-01 2.215174488961020594e-01 1.551163721730549061e-01 2.480487726541715787e-01 1.444728499689935108e-01 2.662571035668065966e-01
1.258925411794166107e+11 1.905713747937371472e-01 1.585361381529610258e-01 2.206107633967537285e-01 1.384895882130894873e-01 2.357430639911441417e-01 1.254906413084113381e-01 2.418568663681726072e-01
1.584893192461110840e+11 1.837425046684067476e-01 1.529462141519436491e-01 2.110776995014827795e-01 1.324704479361361042e-01 2.445634530347613467e-01 1.042455623950235416e-01 2.770645287925291855e-01
1.995262314968882751e+11 1.879180890561277240e-01 1.590325738733015248e-01 2.139598001481349265e-01 1.176459678095747585e-01 2.533477903560312772e-01 8.677230166210805895e-02 2.613584418352938310e-01
2.511886431509582214e+11 1.736374948123823314e-01 1.395901063175410128e-01 2.047958392805700467e-01 1.201473940341956648e-01 2.404225765520638103e-01 9.485681577109528195e-02 2.444357515297624350e-01
3.162277660168379517e+11 1.547818309884669286e-01 1.189645831497231632e-01 1.889997674059452903e-01 9.812255900126898300e-02 2.234793500582324399e-01 9.059106730383058304e-02 2.529914485646755917e-01
3.981071705534969482e+11 1.369593371509197355e-01 9.513988811859547257e-02 1.727463416953487763e-01 6.944078536044022421e-02 2.084220234440924413e-01 5.656767860246515039e-02 2.283426108808736532e-01
5.011872336272714844e+11 1.067208235408766553e-01 6.442997978206845000e-02 1.514480701471710711e-01 3.320254636718682206e-02 1.786547960276571034e-01 1.954296029180981747e-02 2.443297925891436129e-01
6.309573444801943359e+11 6.625890159511767241e-02 1.086647269995224055e-02 1.130324126598987039e-01 -3.082873457346133050e-02 1.890960779269630077e-01 -5.310663361272378868e-02 2.108754058163227474e-01
7.943282347242821045e+11 1.739062546923698244e-02 -3.654875869558756041e-02 6.253792245821990226e-02 -9.633725546010939167e-02 1.282101969214789472e-01 -1.213555625795231935e-01 1.544126916140631800e-01
1.000000000000000000e+12 -3.727512186107076464e-02 -9.233607500053371553e-02 4.278265898121732386e-02 -1.433413479947209801e-01 8.511512702538431840e-02 -1.679941489520033748e-01 1.255492517824404464e-01
1.258925411794166260e+12 -7.208150874597946123e-02 -1.438233497979410358e-01 2.096944594200118687e-03 -1.999100336770370245e-01 7.060635855024090246e-02 -2.587287546841595121e-01 1.045563707591959379e-01
1.584893192461110840e+12 -8.152403840918862055e-02 -1.542832397656768717e-01 4.582054354120792053e-03 -2.241416361677794344e-01 7.684344791331594593e-02 -2.707434084577376998e-01 1.510245278223986687e-01
1.995262314968882812e+12 -8.528303239084025766e-02 -1.576371789299886583e-01 2.251389007375539757e-03 -2.460812182713676688e-01 1.130290537843581800e-01 -2.577033990046175282e-01 1.693419987409608973e-01
2.511886431509582031e+12 -5.313036242993138952e-02 -1.626485377174015368e-01 1.903604890875733660e-02 -2.470731384334318437e-01 8.384011505791696961e-02 -2.814416243642388626e-01 1.672276654044959343e-01
3.162277660168379395e+12 -1.155833189444071679e-01 -2.084342750119893006e-01 7.939118678311396851e-03 -2.937625284197361575e-01 1.212415271164199171e-01 -4.148655948094217560e-01 1.744331708998712038e-01
