# M200c[Msun] <corr> corr+ corr- corr++ corr-- corr+++ corr---
1.995262314968882751e+11 1.140743784258144988e-01 1.117734635860082038e-01 1.169444119144811556e-01 1.093733192677318333e-01 1.191198168963742698e-01 1.082643426615704785e-01 1.206452320411828955e-01
2.511886431509582214e+11 1.151392731243675582e-01 1.117885607572829398e-01 1.174839868943714366e-01 1.102155706492996268e-01 1.208981242732123373e-01 1.088262056688519414e-01 1.223650963256791568e-01
3.162277660168379517e+11 1.139816797449200447e-01 1.111658960312274791e-01 1.165601400836794588e-01 1.088176408799598066e-01 1.184277678598950334e-01 1.064246979701145707e-01 1.202831396675144437e-01
3.981071705534985352e+11 1.115669223365750029e-01 1.090912634666197784e-01 1.142921243612710636e-01 1.068124199094198645e-01 1.178561140700476184e-01 1.053591596506593536e-01 1.183257394630523734e-01
5.011872336272734985e+11 1.085679220961512925e-01 1.048029180825184870e-01 1.111779992812860357e-01 1.024992247480968899e-01 1.152136225981636175e-01 1.020272407308652068e-01 1.161161409183613380e-01
6.309573444801943359e+11 1.044320344688329377e-01 1.021180575182083494e-01 1.073079312900182825e-01 9.861913739656524847e-02 1.106258834949618991e-01 9.793104102680104395e-02 1.139536494092889124e-01
7.943282347242821045e+11 1.018282866099344125e-01 9.884662680768613319e-02 1.051040482384369840e-01 9.498017930408403364e-02 1.077879548941923504e-01 9.196759542703505930e-02 1.086185506087129354e-01
1.000000000000000000e+12 9.718355521612893899e-02 9.371722066298404652e-02 1.015844035948887530e-01 9.014523573593524741e-02 1.059498871325336017e-01 8.964096233540742864e-02 1.075907075238033278e-01
1.258925411794171387e+12 9.438294805699543044e-02 9.118030416458053344e-02 9.886335378939113683e-02 8.562970796651231398e-02 1.024281717392049595e-01 8.008329142437498049e-02 1.030922166068328483e-01
1.584893192461117432e+12 9.223324200877261458e-02 8.614988684806910990e-02 9.636237946078503314e-02 8.331529036585999526e-02 9.862339040591969197e-02 8.200578316000106671e-02 1.051428729909959364e-01
1.995262314968882812e+12 8.902441598053562055e-02 8.267383499620209464e-02 9.449004512367523145e-02 7.924808405387126498e-02 9.930503375238713959e-02 7.553536638175836759e-02 1.017917257017859206e-01
2.511886431509582031e+12 8.396889942005258956e-02 7.895236722972315269e-02 8.975610377747750279e-02 7.503211116195876440e-02 9.711193071440127333e-02 7.358723092165257718e-02 1.003815565092328749e-01
3.162277660168379395e+12 7.855842885172345524e-02 7.263972633860378558e-02 8.562063604990612087e-02 6.563558097848665174e-02 9.167388391796227332e-02 6.117669317690767328e-02 9.396433230884851384e-02
3.981071705534985352e+12 7.242895070975337302e-02 6.444140101889010708e-02 7.922712517220595330e-02 5.830083615675772657e-02 8.556928042922160027e-02 5.442077383218234254e-02 8.726976212921050413e-02
5.011872336272735352e+12 6.717438682926782367e-02 5.908983439723872189e-02 7.546490402744163162e-02 5.243313645829149328e-02 8.238168794491126934e-02 4.666865725430348333e-02 8.476499235778285624e-02
6.309573444801942383e+12 6.022751827454554674e-02 5.329953838497378249e-02 6.978544181753537634e-02 4.671762298176755646e-02 7.919701217434602092e-02 4.155750374661328073e-02 8.922081740250964454e-02
7.943282347242821289e+12 5.527096623597084479e-02 4.638397710011202268e-02 6.374356217972697303e-02 3.682143423443025310e-02 7.346936640980625266e-02 2.592415556035401400e-02 8.866140221298281221e-02
1.000000000000000000e+13 5.409695589364625634e-02 4.214763413410214238e-02 6.624323908863999355e-02 3.141447305911047871e-02 7.591197456874057559e-02 2.740297783609616650e-02 7.822631915892871990e-02
1.258925411794171289e+13 5.409005853393419189e-02 3.874206594422446165e-02 6.451691044110866025e-02 2.702608743453701473e-02 7.699411234475098120e-02 1.837358389695849595e-02 9.094687713308248489e-02
1.584893192461117383e+13 5.731014158051515872e-02 3.716030124424814229e-02 7.419318394016610752e-02 1.785181311232360984e-02 8.743048154587604315e-02 9.952128327809570477e-03 8.878733781127212676e-02
1.995262314968882812e+13 5.825456330449947651e-02 4.012153783840236021e-02 7.341542382655363852e-02 1.711998974862533052e-02 8.700355976107149170e-02 7.467743879008717153e-03 9.232618363056016575e-02
2.511886431509582031e+13 5.563926620850268012e-02 3.833521877761296437e-02 7.363672776057465785e-02 2.461060364000908218e-02 8.513094584047591062e-02 5.622875934295341015e-03 9.423762986742952041e-02
3.162277660168379297e+13 5.121183607379888036e-02 3.096328999917393604e-02 6.842746156166042149e-02 1.791575220929373172e-02 8.697664289026987849e-02 9.106614405457949188e-03 1.019650097021622681e-01
3.981071705534985156e+13 4.654283029248622305e-02 2.770951206443904649e-02 6.575206255764937113e-02 1.026046833381658203e-02 8.226132418236854760e-02 -9.090506842413696026e-03 1.012590146542465125e-01
5.011872336272735156e+13 4.018616565286101810e-02 9.493278443173051168e-03 6.153424932811108611e-02 -1.549843655428641970e-02 9.005140466655622844e-02 -3.671814562219985478e-02 1.048806178942751771e-01
6.309573444801942969e+13 3.429292751224681524e-02 -1.333094254555694611e-03 6.248622085502694712e-02 -2.133627732747088099e-02 8.183939996240918724e-02 -3.497223415411802871e-02 9.436319443626989267e-02
7.943282347242821875e+13 1.408927467674634011e-02 -2.339542848525144603e-02 5.528617901775104149e-02 -6.538395193969623320e-02 8.519487357332777844e-02 -7.306012620418569914e-02 1.000409857102706607e-01
1.000000000000000000e+14 1.529955198064278897e-03 -4.714657059058834782e-02 4.173837134117091424e-02 -9.161066352311533767e-02 8.801635711254993111e-02 -1.326937418191990459e-01 1.260199597678620109e-01
1.258925411794171406e+14 -1.125057480390575897e-02 -6.835910371020466336e-02 5.402288387592401459e-02 -1.376129085259700513e-01 8.202958062410992124e-02 -1.571751818728106820e-01 9.059597942466585119e-02
1.584893192461117500e+14 -9.292488083368275614e-03 -6.335318829049854661e-02 4.413048003964398919e-02 -1.449440210428365738e-01 9.207041723899753172e-02 -1.721182629266150843e-01 1.298089278910194988e-01
1.995262314968882812e+14 -1.443911066648155550e-02 -9.564764275034361163e-02 5.139011753199619614e-02 -1.658097041440741160e-01 1.244827953283380584e-01 -1.958000640517124358e-01 1.845884936027001322e-01
2.511886431509582188e+14 -5.157484605104661196e-03 -9.272359551558925772e-02 8.482828969969420652e-02 -1.442003227575646973e-01 1.627358301427435094e-01 -1.659180973976031037e-01 2.004654699188072320e-01
