# M200c[Msun] <corr> corr+ corr- corr++ corr-- corr+++ corr---
1.000000000000000000e+09 -3.283449677272425871e-01 -3.476055884524899553e-01 -3.073494116450284364e-01 -3.713065876885346395e-01 -2.879671740691546189e-01 -3.816882172187734401e-01 -2.676216883661097223e-01
1.258925411794166088e+09 -3.302038801135699919e-01 -3.520403950518001257e-01 -3.049479819731669705e-01 -3.783575579514796838e-01 -2.819330996721783889e-01 -3.916100677036050692e-01 -2.557791648308083698e-01
1.584893192461110830e+09 -3.232816298029870805e-01 -3.511835699244379994e-01 -2.962747978162467710e-01 -3.706106647222284778e-01 -2.652930487387585301e-01 -3.912463510227185970e-01 -2.343370116963192085e-01
1.995262314968882799e+09 -3.133232146130227047e-01 -3.477502180234627316e-01 -2.878773808397279699e-01 -3.629887121586083953e-01 -2.494324253751699083e-01 -3.931063795270476890e-01 -2.241604549458771911e-01
2.511886431509582043e+09 -2.805078168035612385e-01 -3.147023959392611370e-01 -2.479353447378095932e-01 -3.557353432870533072e-01 -2.242833526894276452e-01 -3.647745795825094728e-01 -2.059453699297194018e-01
3.162277660168379307e+09 -2.458025697292405831e-01 -2.906428127011596030e-01 -1.923220422413846054e-01 -3.352345133087770157e-01 -1.573736863465006186e-01 -3.464370114816578972e-01 -6.839212896913288153e-02
3.981071705534985542e+09 -1.645313102593295440e-01 -2.313060783104631812e-01 -1.163754503052407963e-01 -2.757613415396891754e-01 -6.663986173814860636e-02 -2.897409658784781405e-01 -4.541697008920203560e-02
5.011872336272735596e+09 -9.484529773914383843e-02 -1.719074668192141497e-01 -2.623044909347507780e-02 -2.481820965536098433e-01 5.117175136674002173e-02 -2.959131679597684639e-01 8.220915009805429552e-02
6.309573444801942825e+09 -2.785695756759198893e-02 -1.300424203581758698e-01 6.450992426310966921e-02 -1.772247023487864559e-01 1.644487747934514910e-01 -2.630641412683499825e-01 2.022371381892762443e-01
