# M200c[Msun] <corr> corr+ corr- corr++ corr-- corr+++ corr---
1.000000000000000000e+11 5.963146786905202390e-01 5.948055130496767706e-01 5.979437673541139198e-01 5.933710237942266819e-01 5.994840304843622736e-01 5.933000158401748880e-01 6.006416905685809660e-01
1.258925411794166107e+11 6.065141412317294201e-01 6.053324052402611066e-01 6.080609852503465751e-01 6.040105070034347268e-01 6.092902203408279149e-01 6.035046052600370192e-01 6.103150846304137289e-01
1.584893192461110840e+11 6.179796801329534572e-01 6.165679179397334231e-01 6.191809829073340321e-01 6.154492953611157002e-01 6.208649201457634437e-01 6.146447125108499554e-01 6.211906489341876281e-01
1.995262314968882751e+11 6.290256215381130334e-01 6.273599790979981217e-01 6.305528068667691777e-01 6.262258325393295078e-01 6.325637347862860249e-01 6.257920776733549850e-01 6.340210093621683196e-01
2.511886431509582214e+11 6.385711792064032721e-01 6.372780094010173091e-01 6.402763634765107348e-01 6.360739237310188976e-01 6.419304402816844446e-01 6.344707284677045811e-01 6.426732077702766999e-01
3.162277660168379517e+11 6.464557084144959553e-01 6.450018469646069397e-01 6.483227710991152914e-01 6.431749429069442137e-01 6.499628295327539718e-01 6.427834383798612938e-01 6.506580735602109922e-01
3.981071705534969482e+11 6.512443864810590899e-01 6.496846238021751763e-01 6.531631915679553257e-01 6.484719421296698538e-01 6.541546909102196050e-01 6.458066714688737164e-01 6.565317231020981747e-01
5.011872336272714844e+11 6.541070158957602576e-01 6.515912341356185911e-01 6.559847666502973684e-01 6.504577737283934180e-01 6.575651935006177062e-01 6.501005335925482687e-01 6.589222084919640343e-01
6.309573444801943359e+11 6.544180763057955152e-01 6.524394779477155071e-01 6.569651915755239102e-01 6.507401030458873636e-01 6.594566024394377113e-01 6.499497361786499283e-01 6.613870135141680651e-01
7.943282347242821045e+11 6.548561654932516518e-01 6.525753748315512581e-01 6.569345116128363360e-01 6.504861705803659522e-01 6.589368311986256721e-01 6.479979058242631984e-01 6.600402204384208105e-01
1.000000000000000000e+12 6.551729370430807720e-01 6.523251887492756973e-01 6.575267366017937265e-01 6.506357636123940580e-01 6.597900508229267436e-01 6.456263019409506088e-01 6.606561112375219924e-01
1.258925411794166260e+12 6.560174978917501232e-01 6.533957570336265119e-01 6.582504921080665206e-01 6.506774423334259483e-01 6.620282485820222496e-01 6.504832731671056356e-01 6.633169048309857097e-01
1.584893192461110840e+12 6.568313116111019756e-01 6.536017365487569730e-01 6.605458983274146156e-01 6.499924567265463748e-01 6.627007060601788346e-01 6.485406877377483115e-01 6.643774243818979519e-01
1.995262314968882812e+12 6.577973088629538445e-01 6.541035054642323487e-01 6.613469006663820204e-01 6.503616552916289262e-01 6.646747734062266044e-01 6.470410152011212279e-01 6.659369762362709055e-01
2.511886431509582031e+12 6.547225728577614756e-01 6.500652385048534265e-01 6.597749226607082518e-01 6.477393100230270928e-01 6.627183104772483846e-01 6.462620310830620163e-01 6.648411009415639006e-01
3.162277660168379395e+12 6.508465279055397623e-01 6.468774281960346650e-01 6.548900193666553626e-01 6.411387349566020077e-01 6.576958799855223692e-01 6.356639359192093330e-01 6.585663946139398428e-01
3.981071705534969238e+12 6.430039021790878717e-01 6.388968993291082032e-01 6.477454386331629177e-01 6.339050565544170901e-01 6.536037347167842348e-01 6.313355091348853421e-01 6.567456918393406173e-01
5.011872336272714844e+12 6.354101716616071815e-01 6.297092365940835101e-01 6.405019327969585508e-01 6.233658905139747297e-01 6.453911212230756256e-01 6.216629942404288123e-01 6.493831998324056665e-01
6.309573444801942383e+12 6.271325631908855058e-01 6.216939134970320691e-01 6.340926019862105356e-01 6.136318892754172305e-01 6.389354794506294510e-01 6.072246117546485911e-01 6.415402822352554990e-01
7.943282347242821289e+12 6.203722961199193975e-01 6.126757467395306245e-01 6.275541702535037958e-01 5.997272833483833221e-01 6.391144951246839900e-01 5.941106504037482194e-01 6.519253929238397749e-01
1.000000000000000000e+13 6.144089950240390063e-01 6.052375074715476977e-01 6.238742460215525032e-01 5.951386000414842226e-01 6.307353101237754833e-01 5.941386770758881886e-01 6.380734200141398027e-01
1.258925411794166211e+13 6.107308156487043505e-01 6.018647741541567342e-01 6.190567649252204374e-01 5.945021199370079668e-01 6.233963723346183095e-01 5.854757670406373071e-01 6.251433099514709379e-01
1.584893192461110938e+13 6.062247104230236161e-01 5.936668804093233609e-01 6.179863266977291270e-01 5.878234835271527459e-01 6.238471741239862700e-01 5.618811920651491931e-01 6.357535047153557439e-01
1.995262314968882812e+13 6.055267505539845274e-01 5.903115273688981368e-01 6.183604097726954629e-01 5.792428354476588659e-01 6.291443991405891722e-01 5.703152070928365625e-01 6.351963524273998019e-01
2.511886431509582031e+13 6.020339387966250344e-01 5.857680440586360282e-01 6.135167778142622819e-01 5.708926195560776184e-01 6.276504961140844108e-01 5.649979366986972451e-01 6.295444531214154926e-01
3.162277660168379297e+13 6.089121325663364726e-01 5.900201808358089828e-01 6.260036359690090979e-01 5.701875919492125355e-01 6.428339062030693496e-01 5.575318151898168706e-01 6.573336624373282699e-01
3.981071705534969531e+13 6.151616107170396752e-01 5.979967606877945041e-01 6.294574517124700286e-01 5.823672171333694747e-01 6.471130065309205204e-01 5.694303240808388233e-01 6.587677262339179940e-01
5.011872336272714844e+13 6.220173987621511191e-01 5.986366750114445745e-01 6.451745730188100936e-01 5.751231319895179217e-01 6.612264614980192245e-01 5.655710108483756882e-01 6.804924268941394683e-01
6.309573444801942969e+13 6.365590322086779329e-01 6.106026665496959716e-01 6.569977205830036526e-01 5.909570023385588566e-01 6.734912721349514131e-01 5.815048816932418818e-01 6.797521672025804707e-01
7.943282347242821875e+13 6.362648900468989011e-01 6.046274297240239459e-01 6.601827695357427306e-01 5.727490989857159098e-01 6.812589125656796085e-01 5.444468190115965278e-01 6.879807097232807367e-01
1.000000000000000000e+14 6.318620402434709238e-01 5.974623110294634554e-01 6.751466650466095842e-01 5.651181451408835432e-01 6.997058030218146207e-01 5.579777164126300537e-01 7.249045630240129601e-01
1.258925411794166250e+14 6.200507456010119212e-01 5.772970830456594094e-01 6.567582178415237726e-01 5.511906757651646727e-01 6.938391756414357125e-01 4.854791192077642648e-01 7.287601206282307009e-01
1.584893192461110938e+14 6.151365838042861522e-01 5.619230920752593672e-01 6.513270822665616633e-01 5.145632234347197187e-01 6.913426476349240346e-01 4.838727456676226168e-01 7.112424937815321480e-01
1.995262314968882812e+14 5.959393489557502921e-01 5.476373785774393266e-01 6.330211035759127913e-01 5.267591486261340439e-01 6.763636758583089215e-01 4.786090325460168882e-01 7.005967658694250977e-01
2.511886431509582188e+14 5.851578469594629350e-01 5.425020132401281447e-01 6.372373391681463994e-01 4.860855758090936729e-01 6.839348011683236139e-01 4.648777281487394553e-01 7.082812775978718500e-01
