# M200c[Msun] <corr> corr+ corr- corr++ corr-- corr+++ corr---
1.000000000000000000e+09 -1.862934797690848909e-01 -1.884497448109442863e-01 -1.835775621517241607e-01 -1.908204051324425277e-01 -1.804182358107022377e-01 -1.922825884949870834e-01 -1.788190981034030735e-01
1.258925411794166088e+09 -1.860870375512659880e-01 -1.877668970930475301e-01 -1.837542857242494554e-01 -1.896523493401568450e-01 -1.805016432242638191e-01 -1.914887259000185304e-01 -1.783272093087553689e-01
1.584893192461110830e+09 -1.849974649399499793e-01 -1.869920412169975010e-01 -1.831120925795453880e-01 -1.899950475739272393e-01 -1.809815087638977915e-01 -1.912928985559960438e-01 -1.781760758893558283e-01
1.995262314968882799e+09 -1.849345977339456604e-01 -1.870730374621824565e-01 -1.821974946532564366e-01 -1.888298554878520275e-01 -1.803986445839182440e-01 -1.933943942476668010e-01 -1.790339860739031119e-01
2.511886431509582043e+09 -1.832617260728703901e-01 -1.870276012260358722e-01 -1.805664432304665834e-01 -1.895067411971154137e-01 -1.777786542687825322e-01 -1.923869422233603077e-01 -1.746234557332066450e-01
3.162277660168379307e+09 -1.824553745880302946e-01 -1.858903432748198470e-01 -1.787151800344032038e-01 -1.884093221639725479e-01 -1.751571129487559109e-01 -1.889625057529164820e-01 -1.732478054907707898e-01
3.981071705534969330e+09 -1.803918863551172702e-01 -1.835149471990768222e-01 -1.776994126976387811e-01 -1.857429808155389717e-01 -1.738105045916937264e-01 -1.863966526537200186e-01 -1.718839506842815557e-01
5.011872336272714615e+09 -1.764649719145675588e-01 -1.797727746154707262e-01 -1.708765523750376825e-01 -1.862790084248245326e-01 -1.673474039037606553e-01 -1.875851138389038053e-01 -1.664700818558715878e-01
6.309573444801942825e+09 -1.703349663215273369e-01 -1.750544926590573702e-01 -1.661777184265394725e-01 -1.816694002191989732e-01 -1.621847740794293835e-01 -1.863953795431482763e-01 -1.596421855748812457e-01
7.943282347242821693e+09 -1.660709239201744181e-01 -1.715693099007600808e-01 -1.614710024908444508e-01 -1.747718917463675914e-01 -1.545817491259583454e-01 -1.782503824964401795e-01 -1.505446508248569903e-01
1.000000000000000000e+10 -1.619270083310780095e-01 -1.677409600641578680e-01 -1.548569014575720548e-01 -1.730119732367509933e-01 -1.502206135442825108e-01 -1.746844486037947008e-01 -1.488560468151557958e-01
1.258925411794166183e+10 -1.552016983482128187e-01 -1.629115559375427513e-01 -1.488314506844856944e-01 -1.706181317370881190e-01 -1.438234745419070815e-01 -1.804092979767913107e-01 -1.418354611513017172e-01
1.584893192461110878e+10 -1.530955852112375615e-01 -1.585326174211538486e-01 -1.446728576520712184e-01 -1.650858188766246015e-01 -1.332045397923108665e-01 -1.716601722951657250e-01 -1.277452236283922460e-01
1.995262314968882751e+10 -1.471997380702186886e-01 -1.552744138389623718e-01 -1.369556511304117208e-01 -1.654597632540515395e-01 -1.325400485224047520e-01 -1.682403176709955650e-01 -1.297239205917590232e-01
2.511886431509582138e+10 -1.406701521189702153e-01 -1.522798934022614459e-01 -1.307865947662329165e-01 -1.586174238887459176e-01 -1.214533333609576771e-01 -1.646137495182856958e-01 -1.167277159547158993e-01
3.162277660168379211e+10 -1.387880941748031727e-01 -1.493558384471254108e-01 -1.299118743813115762e-01 -1.574965748985166503e-01 -1.159466535089892364e-01 -1.614713591955919403e-01 -9.797458215138941939e-02
3.981071705534969330e+10 -1.365456443114791418e-01 -1.472871828061184107e-01 -1.250304725459628896e-01 -1.607789203462232086e-01 -1.126690961384288203e-01 -1.698673151412753990e-01 -1.094202339772396004e-01
5.011872336272714996e+10 -1.368151829732550118e-01 -1.521774156357430519e-01 -1.206461744550483550e-01 -1.643383319490278327e-01 -1.074854264414199512e-01 -1.702913423297848228e-01 -1.050271555401702250e-01
6.309573444801942444e+10 -1.376870997403584207e-01 -1.549933018476961910e-01 -1.217843018406439548e-01 -1.669523508101451725e-01 -9.965785318897259215e-02 -1.797357405969975674e-01 -8.841755274874493753e-02
7.943282347242822266e+10 -1.419701848132965960e-01 -1.566682942272970003e-01 -1.231821004093194838e-01 -1.788331791817696637e-01 -1.080160426847747435e-01 -2.000582300238309130e-01 -9.145467317084912673e-02
1.000000000000000000e+11 -1.455522038094949344e-01 -1.607568406393139748e-01 -1.247640673307416626e-01 -1.773804059639882136e-01 -1.120974197605790895e-01 -1.954004374137594258e-01 -1.067851032327631067e-01
1.258925411794166107e+11 -1.544682488037059098e-01 -1.756227076979122725e-01 -1.352307985519511091e-01 -1.947680750746567657e-01 -1.108760164604747633e-01 -2.012314307232810906e-01 -1.028109588664374574e-01
1.584893192461110840e+11 -1.607580739738913023e-01 -1.867272892799603512e-01 -1.412740550516133065e-01 -2.072663008021376485e-01 -1.147428700241029248e-01 -2.216796057614779381e-01 -1.002986002292987761e-01
1.995262314968882751e+11 -1.598855284552838651e-01 -1.937953543921023258e-01 -1.375132427963615123e-01 -2.256991211870659486e-01 -1.078344366213962180e-01 -2.424088992428485023e-01 -9.470617700956469875e-02
2.511886431509582214e+11 -1.745897464095613749e-01 -1.995700932421882179e-01 -1.453488626144474882e-01 -2.209309014272323457e-01 -1.099038673780923514e-01 -2.327804425136688615e-01 -8.552764360089799844e-02
3.162277660168379517e+11 -1.774010593062734786e-01 -2.057695402867804058e-01 -1.472471521654872273e-01 -2.469768267105659221e-01 -1.174358537174788192e-01 -2.713416101644928746e-01 -8.747506660809140078e-02
3.981071705534969482e+11 -1.947560321714110199e-01 -2.257267710611840228e-01 -1.499052570881465596e-01 -2.544529441494993716e-01 -1.300237453408499833e-01 -2.942474792737430622e-01 -1.005240913179251960e-01
5.011872336272714844e+11 -2.312718386242384461e-01 -2.654182086978638111e-01 -1.718527030295951552e-01 -2.846937002396067729e-01 -1.321258142261751978e-01 -3.001029118429680564e-01 -1.140125487515277897e-01
6.309573444801943359e+11 -2.429396117455628612e-01 -2.742642687489683095e-01 -1.984578658436632614e-01 -3.140575776606013836e-01 -1.361348434199561863e-01 -3.405957377612311987e-01 -9.301043056887881022e-02
7.943282347242821045e+11 -2.482564895672835226e-01 -2.910157376490299930e-01 -2.116321339983432137e-01 -3.217102631658947387e-01 -1.572267935821047291e-01 -3.417030824556462898e-01 -1.425857026189422394e-01
1.000000000000000000e+12 -2.494867989669116992e-01 -2.969339179618767921e-01 -1.966751892434075999e-01 -3.754958653950664083e-01 -1.347300640452580578e-01 -3.923156499317767554e-01 -1.099242869735664457e-01
1.258925411794166260e+12 -2.506114465507324751e-01 -3.016564415620049400e-01 -2.084516528160987592e-01 -3.355227022522603297e-01 -1.606881826791317081e-01 -3.406373539630975222e-01 -1.324738750338179671e-01
1.584893192461110840e+12 -2.721998537450917577e-01 -3.196872814814243902e-01 -2.094125730054788859e-01 -3.621847409981763244e-01 -1.502867572844614752e-01 -3.908829107670245828e-01 -1.234280879414190735e-01
1.995262314968882812e+12 -2.870041139912212769e-01 -3.447581560109260757e-01 -2.153545716998345738e-01 -3.979290417721200734e-01 -1.470931654796674981e-01 -4.400977749561292285e-01 -5.056095969965027775e-02
2.511886431509582031e+12 -3.240061916442685819e-01 -3.670589097406620760e-01 -2.539824830649451415e-01 -4.642812565576922568e-01 -1.678207285093188117e-01 -4.930686110854267667e-01 -1.251087555502322923e-01
3.162277660168379395e+12 -2.961220494611583876e-01 -3.535594226815912955e-01 -2.075961708945587014e-01 -4.252972770551535775e-01 -1.553949254253313983e-01 -4.569174925656858122e-01 -1.214888210704635763e-01
