# M200c[Msun] <corr> corr+ corr- corr++ corr-- corr+++ corr---
1.000000000000000000e+11 -4.138544371349295314e-01 -4.161399479073797925e-01 -4.117432144468361477e-01 -4.186063563477733229e-01 -4.088849657341966370e-01 -4.195637556303801197e-01 -4.068754722171211147e-01
1.258925411794166107e+11 -4.178914177281419784e-01 -4.202547058702877925e-01 -4.160425567906759214e-01 -4.213724396539018091e-01 -4.143941432790936852e-01 -4.217919620019314753e-01 -4.131553772750898856e-01
1.584893192461110840e+11 -4.240692487239331454e-01 -4.264152476801373326e-01 -4.216806336641625297e-01 -4.282058980850908525e-01 -4.197047173662902253e-01 -4.286582018497377966e-01 -4.193289233363918234e-01
1.995262314968882751e+11 -4.306213155540798976e-01 -4.332871973323285664e-01 -4.278217983465587015e-01 -4.356420855819526095e-01 -4.256208325108745694e-01 -4.360655391666416469e-01 -4.237818431850767786e-01
2.511886431509582214e+11 -4.364844354858026243e-01 -4.393879005290368123e-01 -4.343311743526289126e-01 -4.424539388671924756e-01 -4.319773695095948107e-01 -4.448716427958471220e-01 -4.305787280625280600e-01
3.162277660168379517e+11 -4.411292012705760879e-01 -4.437976955383051703e-01 -4.383856573441132776e-01 -4.457355942346258315e-01 -4.363216308789558129e-01 -4.485594072559540013e-01 -4.360133750118428964e-01
3.981071705534969482e+11 -4.447215706559288773e-01 -4.476007091206122834e-01 -4.422199107850175448e-01 -4.501849764379535213e-01 -4.401244885637660698e-01 -4.523163169681942430e-01 -4.387631899848415395e-01
5.011872336272714844e+11 -4.492279071844538230e-01 -4.521576782500132397e-01 -4.452013311844931764e-01 -4.553102133622072278e-01 -4.420168548666777997e-01 -4.571949492856078878e-01 -4.408277704009621045e-01
6.309573444801943359e+11 -4.515691904588839956e-01 -4.551698630412879254e-01 -4.487782700066962893e-01 -4.592192927259041157e-01 -4.451727547683657638e-01 -4.603435256820189725e-01 -4.431284972978541958e-01
7.943282347242821045e+11 -4.552874009865364169e-01 -4.590060688999362815e-01 -4.505642618881277039e-01 -4.613575140939715213e-01 -4.478295883658647281e-01 -4.654100394827498377e-01 -4.465317985409076873e-01
1.000000000000000000e+12 -4.595352595987069466e-01 -4.646885673771082303e-01 -4.544512489989507298e-01 -4.677662558018862438e-01 -4.505598820775901792e-01 -4.702055427144893329e-01 -4.480072512561050768e-01
1.258925411794166260e+12 -4.646534530097914395e-01 -4.689986658708675260e-01 -4.598322562244132605e-01 -4.730897739591759521e-01 -4.561590433216404783e-01 -4.743705863740464990e-01 -4.526842179829286827e-01
1.584893192461110840e+12 -4.698463568781928723e-01 -4.752848598962579052e-01 -4.653843805672387979e-01 -4.788020627011367325e-01 -4.598772836898958327e-01 -4.805565598368004010e-01 -4.565857609850013654e-01
1.995262314968882812e+12 -4.740581078452469344e-01 -4.793785504429373678e-01 -4.675749236152399457e-01 -4.845187349811750921e-01 -4.594007176005847626e-01 -4.868047266329130762e-01 -4.579781073078404430e-01
2.511886431509582031e+12 -4.761810952114973738e-01 -4.826654457213435667e-01 -4.696658967849990374e-01 -4.876850294435572941e-01 -4.658903654300607933e-01 -4.893432952815445214e-01 -4.567953893330199966e-01
3.162277660168379395e+12 -4.807431990654716381e-01 -4.858270616435956812e-01 -4.750210059292050424e-01 -4.906536468574427268e-01 -4.683288965988843811e-01 -4.934306869687549169e-01 -4.649091443344063324e-01
3.981071705534969238e+12 -4.828393501033491075e-01 -4.901466782056231875e-01 -4.759273379949299221e-01 -4.971102399133342509e-01 -4.693459157675736182e-01 -4.984184276273322944e-01 -4.636562502050303181e-01
5.011872336272714844e+12 -4.850706097849657450e-01 -4.930180347053260692e-01 -4.764771843308744370e-01 -4.982541566395393140e-01 -4.702007932284848479e-01 -5.044393699474980508e-01 -4.659919198398162488e-01
6.309573444801942383e+12 -4.847622015400157025e-01 -4.931272125393527106e-01 -4.771509014812874705e-01 -5.014290247248776033e-01 -4.669790197287903566e-01 -5.092398024259211509e-01 -4.620893875947364449e-01
7.943282347242821289e+12 -4.814477702514248225e-01 -4.942520272845652984e-01 -4.734960356280519811e-01 -5.025823692756248295e-01 -4.633449538294138748e-01 -5.069291378530685899e-01 -4.561889233819849121e-01
1.000000000000000000e+13 -4.741805004963674519e-01 -4.840794525718163932e-01 -4.652332260280249154e-01 -4.928451912014112368e-01 -4.527817684287640532e-01 -5.005943930702925204e-01 -4.447226598067035019e-01
1.258925411794166211e+13 -4.676900242193015034e-01 -4.798505498858964269e-01 -4.561097088217203055e-01 -4.906588904735681433e-01 -4.469140486664885947e-01 -4.947532423216252084e-01 -4.363793459139705400e-01
1.584893192461110938e+13 -4.699057634170548114e-01 -4.843070583807904672e-01 -4.541753374244622554e-01 -4.973497070955306687e-01 -4.427637832907838078e-01 -5.086669814452817739e-01 -4.288100862149727410e-01
1.995262314968882812e+13 -4.738275485994393188e-01 -4.908760001461096034e-01 -4.573540275536462363e-01 -5.109589925152259182e-01 -4.452217235088705705e-01 -5.178227256667089495e-01 -4.378338851373575480e-01
2.511886431509582031e+13 -4.816044101961153290e-01 -4.962849706991347976e-01 -4.630329512118419588e-01 -5.168706812385396310e-01 -4.414677651350520371e-01 -5.254469462908722965e-01 -4.305897136426949934e-01
3.162277660168379297e+13 -4.841994292745501749e-01 -5.060587915289591621e-01 -4.669243669810902997e-01 -5.169331568238455521e-01 -4.453203554364047467e-01 -5.186674463725491346e-01 -4.282783559103444104e-01
3.981071705534969531e+13 -4.835981666766248632e-01 -5.051795418024471740e-01 -4.633267437312824644e-01 -5.228584867609824549e-01 -4.510371034784740329e-01 -5.323218662878483887e-01 -4.478841535979040112e-01
5.011872336272714844e+13 -4.839522362158455993e-01 -5.004420585690293466e-01 -4.591338931324736028e-01 -5.138145164730933967e-01 -4.390592231361818421e-01 -5.288874607874083367e-01 -4.179770393112633986e-01
6.309573444801942969e+13 -4.819289901944571186e-01 -5.060389487017222798e-01 -4.562714278448727900e-01 -5.378538446541676343e-01 -4.391045146200155957e-01 -5.514514424953197436e-01 -4.223983505824165929e-01
7.943282347242821875e+13 -4.761454079839729792e-01 -5.130489972756512307e-01 -4.445162575340515509e-01 -5.394202266774682508e-01 -4.319855068771794038e-01 -5.454945651850793276e-01 -4.089475960375640318e-01
1.000000000000000000e+14 -4.775222634726573046e-01 -5.062149535967686020e-01 -4.365945141228944615e-01 -5.310762095896506274e-01 -4.019037843539336463e-01 -5.520011746247762696e-01 -3.914825129927131941e-01
1.258925411794166250e+14 -4.658553819056607814e-01 -5.032334753652679682e-01 -4.360680120505753266e-01 -5.197310253592886120e-01 -4.031218319138176742e-01 -5.699896726828715954e-01 -3.740880709670666437e-01
1.584893192461110938e+14 -4.503528137784943985e-01 -4.886507647771366480e-01 -4.221747048114535827e-01 -5.339618565233592573e-01 -3.877700015059926675e-01 -6.011874699973009939e-01 -3.765847495097314201e-01
1.995262314968882812e+14 -4.245995745169283131e-01 -4.661311243145925820e-01 -3.687816509560522538e-01 -5.187368732957651218e-01 -3.205914670539801170e-01 -5.319161726733708795e-01 -2.929098844298315685e-01
2.511886431509582188e+14 -3.883167215455619603e-01 -4.371579688383905316e-01 -3.419953398607061268e-01 -4.845411446049228688e-01 -2.858689642838294631e-01 -4.952238273143641512e-01 -2.472926762302840864e-01
3.162277660168379375e+14 -3.461503161834191822e-01 -4.036554276707401412e-01 -2.597488906246654961e-01 -4.667695328909302610e-01 -2.095511047237973989e-01 -4.819682608669881296e-01 -2.015308567383460037e-01
