# M200c[Msun] <corr> corr+ corr- corr++ corr-- corr+++ corr---
1.000000000000000000e+11 -1.343255281869760176e-01 -1.358005320343999844e-01 -1.323544111347877139e-01 -1.370935375268719225e-01 -1.302055899242222370e-01 -1.376078609863660984e-01 -1.297070041258402140e-01
1.258925411794166107e+11 -1.278527441368214057e-01 -1.294397755642907044e-01 -1.261633922905982808e-01 -1.308545378176951268e-01 -1.243691147506431061e-01 -1.311658134423582811e-01 -1.235877480838920295e-01
1.584893192461110840e+11 -1.202655805284712220e-01 -1.221823023806468400e-01 -1.184497565221014487e-01 -1.233079013519082501e-01 -1.167509735572813678e-01 -1.247266023127687473e-01 -1.149978054908906699e-01
1.995262314968882751e+11 -1.116640092763804826e-01 -1.131080564873997718e-01 -1.098908593979916609e-01 -1.147602375872853880e-01 -1.079424021300922354e-01 -1.149926448309247090e-01 -1.060821749466285685e-01
2.511886431509582214e+11 -1.024909921470346652e-01 -1.043772956916620698e-01 -1.009519573337422926e-01 -1.069867448279497313e-01 -9.883016764658641984e-02 -1.077617070169170771e-01 -9.834802556715935284e-02
3.162277660168379517e+11 -9.402820397583061540e-02 -9.560340259726475554e-02 -9.116024868804450954e-02 -9.758976180112635679e-02 -8.882369839706014125e-02 -9.829127650154020901e-02 -8.623295819315535127e-02
3.981071705534969482e+11 -8.416545952533825703e-02 -8.646445113573389407e-02 -8.175980759035744727e-02 -8.811387270801299132e-02 -8.049980091075287225e-02 -9.149093427247464994e-02 -7.873447711416457773e-02
5.011872336272714844e+11 -7.554965794999629614e-02 -7.800384838030346990e-02 -7.290256846801856927e-02 -8.075552920142725633e-02 -7.011607419713057621e-02 -8.101506159661839290e-02 -6.841693598115002051e-02
6.309573444801943359e+11 -6.663021000828608931e-02 -6.915135111856730854e-02 -6.302699808735831577e-02 -7.205614704865109799e-02 -6.006064051193903824e-02 -7.338143352498624483e-02 -5.972493332477876032e-02
7.943282347242821045e+11 -5.793902361410115109e-02 -6.082622868898865387e-02 -5.345513556272969702e-02 -6.244987087283319221e-02 -4.904907085470612549e-02 -6.465488201266283985e-02 -4.773378602018400751e-02
1.000000000000000000e+12 -5.271877989049196522e-02 -5.607180986755047614e-02 -4.795969826128419766e-02 -5.954508286019312424e-02 -4.313982766520868539e-02 -6.236276537164313349e-02 -4.177014841986405325e-02
1.258925411794166260e+12 -4.702082577859650891e-02 -5.098075094617768310e-02 -4.177594314022763100e-02 -5.478798003915824610e-02 -3.822246191687413142e-02 -5.677178099177258158e-02 -3.723392265165445525e-02
1.584893192461110840e+12 -4.539411251269900860e-02 -5.026081769051372883e-02 -4.039839833602661134e-02 -5.629564055140821865e-02 -3.834466966851963338e-02 -6.236135030555350900e-02 -3.706313923531307647e-02
1.995262314968882812e+12 -4.421952936104771997e-02 -4.905904524966673425e-02 -3.867201359416847645e-02 -5.454941615861342435e-02 -3.495299629958592558e-02 -5.635128634260393177e-02 -3.177135009605563942e-02
2.511886431509582031e+12 -4.142965551221282350e-02 -4.836087381042359495e-02 -3.539799860735613063e-02 -5.145211115508391275e-02 -3.119676901519131268e-02 -5.520325645715558338e-02 -2.539184558751871393e-02
3.162277660168379395e+12 -3.674736704282832722e-02 -4.308846057874064772e-02 -3.061158888658491867e-02 -5.064650083941671377e-02 -2.441706556450000051e-02 -5.383247786761116011e-02 -1.972328974254877049e-02
3.981071705534969238e+12 -3.130474702854319641e-02 -3.992631760683065106e-02 -2.564129967106333619e-02 -4.585756480422001347e-02 -2.047636408255906412e-02 -4.849576465737456821e-02 -1.529816127278465707e-02
5.011872336272714844e+12 -2.924083500325753635e-02 -3.601940019479872579e-02 -2.087087249400525202e-02 -4.268716717204131678e-02 -9.486947591233543808e-03 -4.884854318886383551e-02 -8.672162754524018538e-03
6.309573444801942383e+12 -2.670831377548552737e-02 -3.375759263910554919e-02 -1.745022200717053981e-02 -4.051558800450374975e-02 -8.335183151870251966e-03 -4.290079053015739829e-02 -2.000044967338826096e-03
7.943282347242821289e+12 -2.179659733903897487e-02 -3.584006345404801286e-02 -1.368277632998353942e-02 -4.498921038003563661e-02 -4.916728315131476887e-03 -4.789093250414016428e-02 2.625201003493356829e-03
1.000000000000000000e+13 -2.055997192420175312e-02 -3.318295577780572270e-02 -9.315581597233904554e-03 -4.459064853834913272e-02 1.549603288553935395e-03 -5.492343231251797797e-02 9.517380450868924424e-03
1.258925411794166211e+13 -1.555863177074707712e-02 -2.929587855842694794e-02 -5.917125823002557239e-03 -3.843615210197427745e-02 1.117125412732930187e-02 -4.192860503194850708e-02 1.661174174697003375e-02
1.584893192461110938e+13 -9.307047108863635704e-03 -2.339987630308369704e-02 6.639417895198606104e-03 -3.548955241135389599e-02 2.753694739109176226e-02 -3.895274132617539131e-02 2.848550557232255170e-02
1.995262314968882812e+13 -1.431671877950739264e-03 -1.584045346911206950e-02 1.671383591679343611e-02 -2.484242321432082734e-02 3.612954674946235178e-02 -4.382119897258478225e-02 4.224293647526416312e-02
2.511886431509582031e+13 7.853316178337104575e-03 -7.162015291725149987e-03 2.696910368959185011e-02 -2.256609660894639754e-02 4.183078687853779287e-02 -3.945610509012587030e-02 5.468963304823058064e-02
3.162277660168379297e+13 1.739747332602867985e-02 -2.508349365718454647e-03 4.439913963470465408e-02 -2.653785556552601746e-02 5.574355870402680768e-02 -4.331274169745677471e-02 7.893386290991118159e-02
3.981071705534969531e+13 2.719447238111947010e-02 6.595503059054349908e-03 4.827059938170869674e-02 -7.890435599115308909e-03 7.452721441348296449e-02 -2.062715087102830885e-02 8.846662204782822225e-02
5.011872336272714844e+13 2.662159156484528860e-02 1.350282615800771065e-04 5.492336572195047339e-02 -2.520906971925014617e-02 9.212590271814471987e-02 -2.891993739930649385e-02 1.081490538676799229e-01
6.309573444801942969e+13 1.969891328651737078e-02 -1.049356976594018574e-02 5.313039223928291838e-02 -4.427302280303852672e-02 8.357183176288372761e-02 -5.647448939464348727e-02 9.660585332410653869e-02
7.943282347242821875e+13 3.010087062508811501e-02 -6.819118504786881446e-03 6.377156207484539763e-02 -4.628676465313176502e-02 8.958510563374466606e-02 -6.418393734368336989e-02 9.834666561311612709e-02
1.000000000000000000e+14 1.556345339987426357e-02 -3.513771557091449615e-02 5.685701325970964060e-02 -6.108489504786979163e-02 8.683236415740136493e-02 -6.714461451189160379e-02 1.143220964333817868e-01
1.258925411794166250e+14 3.713202923602205649e-03 -3.713100972986277393e-02 5.634956066414049947e-02 -8.102021210768328707e-02 1.196055498675318574e-01 -1.231962510049885440e-01 1.439648750552751100e-01
1.584893192461110938e+14 2.435530035950429426e-02 -3.846245111196722882e-02 6.320365806863481595e-02 -1.058994455919644861e-01 1.168661606830186939e-01 -1.137785969735193164e-01 1.400188780978465219e-01
1.995262314968882812e+14 1.632510197749307418e-02 -5.268670476257743956e-02 8.794214677125487822e-02 -1.371584446384445932e-01 1.384344271542412019e-01 -1.695760976082331672e-01 1.558672206772637736e-01
2.511886431509582188e+14 2.062990435102034226e-02 -5.889410157336559537e-02 9.339635970640565443e-02 -1.246940852307526076e-01 1.393025838921949089e-01 -1.392697525563477423e-01 1.785773150269219511e-01
3.162277660168379375e+14 1.670200592305694579e-02 -6.847453035442868652e-02 1.185757943538698622e-01 -1.226589407552332034e-01 1.604227146040733132e-01 -1.940584038010670920e-01 1.910244834602634889e-01
