# M200c[Msun] <corr> corr+ corr- corr++ corr-- corr+++ corr---
1.000000000000000000e+10 -2.016225148069889506e-01 -2.039153676291985406e-01 -1.981970886718429636e-01 -2.070955273693567689e-01 -1.965141907917641040e-01 -2.087632482787735722e-01 -1.957448075519864217e-01
1.258925411794166183e+10 -1.984199496751352376e-01 -2.015083062344309173e-01 -1.956877225510356144e-01 -2.029478679354742021e-01 -1.929908006033097534e-01 -2.041010474899791760e-01 -1.923300320384871143e-01
1.584893192461110878e+10 -1.955426394391444889e-01 -1.983235193266866814e-01 -1.931338204099182776e-01 -2.026420263614940043e-01 -1.903088162706188802e-01 -2.043759316365816869e-01 -1.873177790411967303e-01
1.995262314968882751e+10 -1.953886248877274023e-01 -1.983938309694869562e-01 -1.921351973891044784e-01 -2.013624401917711859e-01 -1.890494734713685787e-01 -2.019055320810121401e-01 -1.852270344519556522e-01
2.511886431509582138e+10 -1.966207037044714057e-01 -1.997195470649303362e-01 -1.928333718760795734e-01 -2.025103822998307601e-01 -1.909521867937589157e-01 -2.051693579513827470e-01 -1.903943251711552875e-01
3.162277660168379211e+10 -1.977509121526478397e-01 -2.020751450459359888e-01 -1.937399461320661598e-01 -2.057982531771090084e-01 -1.899598076192958174e-01 -2.112768691048781122e-01 -1.884745083843205327e-01
3.981071705534969330e+10 -1.997286879185822539e-01 -2.041507785469937053e-01 -1.965412307957750127e-01 -2.081338005913123679e-01 -1.921973084195341408e-01 -2.090079760797925457e-01 -1.895218487842527111e-01
5.011872336272714996e+10 -1.995912906914016904e-01 -2.043899585292031085e-01 -1.952459973749854083e-01 -2.076832206885484977e-01 -1.915790755510135557e-01 -2.085827755785470694e-01 -1.904025534955827714e-01
6.309573444801942444e+10 -1.953691770583774190e-01 -1.996872709878503294e-01 -1.886718738709466936e-01 -2.033181719607599636e-01 -1.829631018986181690e-01 -2.078682165428784867e-01 -1.785821067115588856e-01
7.943282347242822266e+10 -1.877923430119023407e-01 -1.944828211781200467e-01 -1.818039363711898004e-01 -2.007716837712860136e-01 -1.747123403244849882e-01 -2.018140837367974338e-01 -1.725207763445625875e-01
1.000000000000000000e+11 -1.753073574282517089e-01 -1.813786901221344783e-01 -1.676032487979445817e-01 -1.869272926550199498e-01 -1.620040334780549762e-01 -1.940306412458560337e-01 -1.573021771497210286e-01
1.258925411794166107e+11 -1.610194484770216816e-01 -1.676201546669939535e-01 -1.552634277227803727e-01 -1.719078864637905157e-01 -1.481371337614670325e-01 -1.746196840306401543e-01 -1.451134848475852945e-01
1.584893192461110840e+11 -1.431813539576741179e-01 -1.510205350194597784e-01 -1.350541532317990900e-01 -1.571419863485203072e-01 -1.279318972333560178e-01 -1.602867239064846572e-01 -1.268075981306432121e-01
1.995262314968882751e+11 -1.299723490415027327e-01 -1.375283558406434348e-01 -1.208111146298255778e-01 -1.442668903413457659e-01 -1.156924240854552144e-01 -1.463521014636452733e-01 -1.118723987054694585e-01
2.511886431509582214e+11 -1.186568653189989248e-01 -1.291097649074450793e-01 -1.081363648372766217e-01 -1.407238689636085005e-01 -1.038764933789203676e-01 -1.442750611198016786e-01 -9.630917020676310614e-02
3.162277660168379517e+11 -1.105841624985859639e-01 -1.183504277323276788e-01 -1.010811744524492267e-01 -1.308732600231883869e-01 -9.327302696746883615e-02 -1.343448792861015872e-01 -9.136623900545973176e-02
3.981071705534969482e+11 -1.066897753855299696e-01 -1.173720392015759478e-01 -9.396755433070680397e-02 -1.271410290048772818e-01 -8.566681656153672664e-02 -1.340291603301428658e-01 -8.147833483540016519e-02
5.011872336272714844e+11 -9.546831380470927053e-02 -1.083293125852144434e-01 -7.968505685129809168e-02 -1.219518003506947779e-01 -7.093852596366698182e-02 -1.229525986767503881e-01 -6.456622924357660609e-02
6.309573444801943359e+11 -8.456839436427318613e-02 -9.449826436847047484e-02 -6.876833257070036343e-02 -1.054666760318572621e-01 -5.341038555691861311e-02 -1.225687530017442184e-01 -4.682865490887327953e-02
7.943282347242821045e+11 -6.640662367112436237e-02 -8.398557036144482790e-02 -4.838426458168576527e-02 -1.046529990937593857e-01 -3.222920849986621317e-02 -1.090141622586513759e-01 -1.819802855393884422e-02
1.000000000000000000e+12 -4.142007243674496186e-02 -6.266973253209869033e-02 -2.282779823341948497e-02 -7.055038821411768746e-02 -6.458485228376465229e-03 -8.592932594214131026e-02 1.671168588084211842e-02
1.258925411794166260e+12 -1.409029635164337456e-02 -3.550205727488325858e-02 1.150515444790620526e-02 -5.790776499655968246e-02 3.070608625031221242e-02 -7.018347955104468905e-02 5.511099252914505864e-02
1.584893192461110840e+12 1.609545609314117637e-02 -2.728769699134554316e-03 3.765735583360337035e-02 -2.166252623430974661e-02 5.465865624188519928e-02 -3.750013389956331072e-02 6.239506671065783022e-02
1.995262314968882812e+12 4.501430458929291112e-02 1.760202425103821189e-02 6.826146922845943710e-02 -5.592655389485138781e-03 8.628286532367737682e-02 -1.625747082649002528e-02 9.569309754177331151e-02
2.511886431509582031e+12 4.760447716801956275e-02 1.835511072909966693e-02 7.759744393340449464e-02 -1.193688443760276829e-02 1.014883816145161211e-01 -4.544020691726160383e-02 1.179135888281813427e-01
3.162277660168379395e+12 4.394281834625773930e-02 1.257887241622525180e-02 7.391911002151127508e-02 -2.116548023251646482e-02 1.080379502433548577e-01 -3.667937559705564121e-02 1.133298060683266689e-01
3.981071705534969238e+12 1.405516349103267879e-02 -2.104954888258880538e-02 4.600588825379397367e-02 -4.831827560790832865e-02 7.138634897605231067e-02 -6.331528917566656145e-02 1.024034174673642550e-01
5.011872336272714844e+12 -1.674157789566384225e-02 -4.919611939282698965e-02 3.702754403256210830e-02 -9.247703169474111307e-02 6.357283028404729641e-02 -1.101609779890593416e-01 6.893338091852023453e-02
6.309573444801942383e+12 -4.052427698087664176e-02 -8.233829570853029578e-02 -7.810828144815602130e-04 -1.045730533531579048e-01 3.333749641015978926e-02 -1.262576392856684382e-01 5.176876378910399978e-02
7.943282347242821289e+12 -5.338819719775703132e-02 -1.040378561995138063e-01 -5.938093871886978604e-03 -1.489611890686399209e-01 2.577366485036766686e-02 -1.513322666943734685e-01 3.883303015537502983e-02
1.000000000000000000e+13 -4.765901230979759096e-02 -8.590029592371797862e-02 1.360583491162559340e-02 -1.356376675193291526e-01 4.849839204257416769e-02 -1.560086631800575718e-01 9.192507198807833846e-02
1.258925411794166211e+13 -3.710266322309266340e-02 -9.480268255615918738e-02 1.689805738323358481e-02 -1.524315241454788916e-01 5.911262352564725098e-02 -1.959599856413046515e-01 9.134250843968000355e-02
1.584893192461110938e+13 -3.344628906054752937e-02 -8.585683543060829148e-02 2.383268097665055749e-02 -1.445638156037961364e-01 6.360325802319508059e-02 -1.538654771509674613e-01 1.005800415304677342e-01
1.995262314968882812e+13 -3.737411145958165204e-02 -1.133035191397002844e-01 2.940337317382665100e-02 -1.659642405437275481e-01 9.433359087232774665e-02 -2.158996486710929030e-01 1.328924518158653700e-01
2.511886431509582031e+13 -6.237059649878286260e-02 -1.346567680534103140e-01 -1.204698727955989031e-03 -2.277319898344657978e-01 6.745474764473138873e-02 -2.595961499734149025e-01 9.665214604070469784e-02
3.162277660168379297e+13 -6.439206783195855488e-02 -1.299427340352573568e-01 3.477829884638463515e-02 -2.044931685125505050e-01 1.303503772658597404e-01 -3.114285431761388834e-01 1.766819493607643954e-01
