# M200c[Msun] <corr> corr+ corr- corr++ corr-- corr+++ corr---
1.000000000000000000e+10 1.714473105254017693e-01 1.499719624579768096e-01 1.969510200992816429e-01 1.313591155326062632e-01 2.279525775092162698e-01 1.086777589399254978e-01 2.583742975204345038e-01
1.258925411794166183e+10 1.842641958897329180e-01 1.596225732279940857e-01 2.099001230525696648e-01 1.351684406572645214e-01 2.319358023798840096e-01 1.333625598647829591e-01 2.440621388956173143e-01
1.584893192461110878e+10 2.023747115253112794e-01 1.784954206348743355e-01 2.255296015994569525e-01 1.459996916501130615e-01 2.606220695268806065e-01 1.241219620622590891e-01 2.654890959993226884e-01
1.995262314968882751e+10 2.282551838374599629e-01 2.066863084055574340e-01 2.559673114634307134e-01 1.736674748552941294e-01 2.793372304209820745e-01 1.281460124269074852e-01 2.977456399583059410e-01
2.511886431509582138e+10 2.668639233124784349e-01 2.287488230521775301e-01 2.984668248223242837e-01 1.985336604299242080e-01 3.361176703199790228e-01 1.940437164424742011e-01 3.469307357458939478e-01
3.162277660168379211e+10 3.206550492285074050e-01 2.862208839784852188e-01 3.570033976389457298e-01 2.490647729146793776e-01 3.886172473746978273e-01 2.060134931516383605e-01 4.015561777997109782e-01
3.981071705534985352e+10 3.874315851888702200e-01 3.475536691551750490e-01 4.384796399502493003e-01 3.010264462296637911e-01 4.590158498877915383e-01 2.648085883773988458e-01 4.694741980813724735e-01
5.011872336272734833e+10 4.377454929599188249e-01 3.840688475027618232e-01 5.069944310279614896e-01 3.161906831008091112e-01 5.740527671498398821e-01 3.087435407199134452e-01 5.826440438325346527e-01
6.309573444801942444e+10 4.840756888659319968e-01 4.060600831463750393e-01 5.369791008953728184e-01 3.035947861461989472e-01 5.980531715653421010e-01 2.799094735509570220e-01 6.049122824590533742e-01
