# M200c[Msun] <corr> corr+ corr- corr++ corr-- corr+++ corr---
1.000000000000000000e+10 1.250427720103160778e-01 1.012710775587951223e-01 1.437288576667954121e-01 7.368976125507899211e-02 1.614736238738103680e-01 4.527164448981202405e-02 1.689965992841755693e-01
1.258925411794166183e+10 1.155022955305946702e-01 9.307826002231073259e-02 1.419706161474835471e-01 7.351216599256729656e-02 1.668385498941372114e-01 6.763610953955345728e-02 1.876471979170614979e-01
1.584893192461110878e+10 1.145042572419801563e-01 9.012385088116091347e-02 1.446276888243627212e-01 6.317447384769320218e-02 1.688017850053910307e-01 4.442035610718844674e-02 2.044629631476812259e-01
1.995262314968882751e+10 1.040359669992015762e-01 6.721873133743264117e-02 1.409776802903177639e-01 4.647327887050023421e-02 1.613005890567820733e-01 3.312347986830123381e-02 1.712654945883241853e-01
2.511886431509582138e+10 7.773891695628112886e-02 3.031664546547086642e-02 1.213248037566689586e-01 1.387051954190399693e-03 1.535662730183506297e-01 -5.044761614755205459e-02 1.634936809415260539e-01
3.162277660168379211e+10 5.184351847860256546e-02 -3.666071840638256835e-03 1.119495220993901308e-01 -5.546337809144687853e-02 1.499111707463547383e-01 -1.023553475167468252e-01 1.796951832956413253e-01
3.981071705534985352e+10 2.988815607618372505e-02 -1.636273108107412499e-02 9.568439595879887904e-02 -8.798610028335232536e-02 1.473903683786759178e-01 -1.105976237220124420e-01 2.355525015959367419e-01
5.011872336272734833e+10 4.659377654406500480e-02 -3.896255081135053394e-02 1.197221843004865061e-01 -9.819585796937477240e-02 1.843587862710056591e-01 -1.282964429034813281e-01 2.034453842476931784e-01
6.309573444801942444e+10 1.082367925622294558e-01 5.715298295298097339e-03 2.178710870578886016e-01 -1.748423545486809672e-01 3.401454508578013458e-01 -2.410485234739846994e-01 3.954760005723085836e-01
