# M200c[Msun] <corr> corr+ corr- corr++ corr-- corr+++ corr---
1.995262314968882751e+11 -3.073531566096058265e-01 -3.108325551379467755e-01 -3.042756484008836138e-01 -3.130285616040419105e-01 -3.021678731705085275e-01 -3.142114947099791111e-01 -3.015870516863154438e-01
2.511886431509582214e+11 -3.115216961195528267e-01 -3.141194429564429513e-01 -3.086221567827659995e-01 -3.179339888778973666e-01 -3.064098242058185262e-01 -3.187514332568016084e-01 -3.050793209033853537e-01
3.162277660168379517e+11 -3.143903131989637667e-01 -3.168563700819053697e-01 -3.115022225336701589e-01 -3.193691849096080837e-01 -3.076935874560149387e-01 -3.208313862137182060e-01 -3.073531458476481681e-01
3.981071705534985352e+11 -3.160777526078946686e-01 -3.194399385268021918e-01 -3.127329801266190978e-01 -3.208311110544634914e-01 -3.090429593522655005e-01 -3.235294981205256715e-01 -3.075754752254302171e-01
5.011872336272734985e+11 -3.160444528949603038e-01 -3.196642891945080667e-01 -3.128730901026690603e-01 -3.224525934515422021e-01 -3.099300503456294265e-01 -3.231775261827536938e-01 -3.076291854217901856e-01
6.309573444801943359e+11 -3.170044354973460266e-01 -3.197911162384509676e-01 -3.134755751584418215e-01 -3.229966104817352801e-01 -3.105689964372788658e-01 -3.279290450568628223e-01 -3.101345585423852524e-01
7.943282347242821045e+11 -3.170710353690936456e-01 -3.216445352544934355e-01 -3.135918722925525870e-01 -3.244950442972982518e-01 -3.095148833930455590e-01 -3.248897548421555426e-01 -3.062767031764839221e-01
1.000000000000000000e+12 -3.182956303348205562e-01 -3.222941705545463997e-01 -3.147019641869044371e-01 -3.269651894021922689e-01 -3.117768803322699123e-01 -3.309495512998221756e-01 -3.110314473519742440e-01
1.258925411794171387e+12 -3.202035358403237941e-01 -3.252526569555296843e-01 -3.151800340771138687e-01 -3.303115881281628585e-01 -3.109204769452875716e-01 -3.356832915874672918e-01 -3.070592809928388567e-01
1.584893192461117432e+12 -3.192118138235465752e-01 -3.255008321377775293e-01 -3.125095079337622539e-01 -3.292115744083533024e-01 -3.083604579899893450e-01 -3.336323397827421489e-01 -3.060827501143644214e-01
1.995262314968882812e+12 -3.182277929697465702e-01 -3.241634776050996702e-01 -3.108516073098024357e-01 -3.294418131200935740e-01 -3.049423587040568373e-01 -3.339405246497183510e-01 -3.021863553265539681e-01
2.511886431509582031e+12 -3.149991336405861819e-01 -3.225048750368460504e-01 -3.082196173869491962e-01 -3.317222358135094584e-01 -3.027392759843910430e-01 -3.335716899804930247e-01 -2.997841475366006536e-01
3.162277660168379395e+12 -3.131953390193482623e-01 -3.201598665433286195e-01 -3.066291260566568755e-01 -3.276880677460003444e-01 -2.980885587123369707e-01 -3.299355025086555537e-01 -2.899983857920407360e-01
3.981071705534985352e+12 -3.127885536762073926e-01 -3.220266061087954101e-01 -3.048624094699833309e-01 -3.281165451875738270e-01 -2.963047356878624750e-01 -3.311680456844663389e-01 -2.930748201162896027e-01
5.011872336272735352e+12 -3.128292614393478055e-01 -3.210694610013136163e-01 -3.046971338931313555e-01 -3.297227686599888408e-01 -2.985339788835753572e-01 -3.348662335326761941e-01 -2.950973612268820157e-01
6.309573444801942383e+12 -3.156193224984243373e-01 -3.254798449792198345e-01 -3.049401428118367341e-01 -3.346692405349451227e-01 -2.956484299603263088e-01 -3.431366492893070386e-01 -2.800995971267984941e-01
7.943282347242821289e+12 -3.170986083252712584e-01 -3.295203011701104412e-01 -3.077775109413457000e-01 -3.396730321782489015e-01 -2.959231283599801920e-01 -3.444644292529213669e-01 -2.906964786256224231e-01
1.000000000000000000e+13 -3.207071283269206097e-01 -3.319479832024614385e-01 -3.092025604795838323e-01 -3.426443930462360066e-01 -2.911061580610250776e-01 -3.523967843418472912e-01 -2.852436967282128144e-01
1.258925411794166211e+13 -3.254320026397091725e-01 -3.390493532723586334e-01 -3.079138533691706536e-01 -3.524523914389655621e-01 -2.986112225628718697e-01 -3.653708553768598710e-01 -2.899706983784211545e-01
1.584893192461110938e+13 -3.356893617061071922e-01 -3.496725892237327327e-01 -3.189198600870915001e-01 -3.636343395647581023e-01 -3.046038748694708254e-01 -3.810575198712080058e-01 -3.021090432705133555e-01
1.995262314968882812e+13 -3.433487089078732790e-01 -3.625667463658820977e-01 -3.253017568630128253e-01 -3.772935689927415792e-01 -3.126006534994012487e-01 -3.835753164858580755e-01 -3.083420911834006128e-01
2.511886431509582031e+13 -3.561826664554977873e-01 -3.700826355677118151e-01 -3.396784554802492195e-01 -3.911025393378906312e-01 -3.154361697815315502e-01 -3.947821756400197168e-01 -3.104136849481494709e-01
3.162277660168379297e+13 -3.638194128613061462e-01 -3.845345684207873704e-01 -3.471372782012902558e-01 -4.066593488537018075e-01 -3.282721485195109756e-01 -4.125919175757312707e-01 -3.162939312401157887e-01
3.981071705534969531e+13 -3.702615016895528521e-01 -3.924722993936313187e-01 -3.497508884781480032e-01 -4.134612091048008864e-01 -3.311476350079290421e-01 -4.401345242770012822e-01 -3.268455373477652803e-01
5.011872336272714844e+13 -3.678365734859500025e-01 -3.990865172325536170e-01 -3.380917759520613020e-01 -4.190494791108468897e-01 -3.069880748610499532e-01 -4.328637711034222235e-01 -2.883448113653464540e-01
6.309573444801942969e+13 -3.620306189320852130e-01 -3.903639979949018457e-01 -3.358118157457175013e-01 -4.331116697151394801e-01 -3.034443228966046124e-01 -4.382961593292891700e-01 -2.958453203689914157e-01
7.943282347242821875e+13 -3.481734419019483218e-01 -3.845044044429209995e-01 -3.100515010502846724e-01 -4.159138133350259725e-01 -2.698895236203184833e-01 -4.344774460904941571e-01 -2.433957994105687972e-01
1.000000000000000000e+14 -3.313836524854665289e-01 -3.775302311346984685e-01 -2.994631465302340922e-01 -4.030608105356475734e-01 -2.697342021094590869e-01 -4.463034810508741401e-01 -2.642418289616145222e-01
1.258925411794166250e+14 -3.228734664604908655e-01 -3.789771448591633951e-01 -2.747963468828941713e-01 -4.186225635634192588e-01 -2.433917228745929862e-01 -4.376016164229107330e-01 -2.396374858596486135e-01
1.584893192461110938e+14 -3.241377253662190983e-01 -3.768162235478188515e-01 -2.618376976247040466e-01 -4.163463434097120497e-01 -2.022035776700150111e-01 -4.391618850347093206e-01 -1.759513992716928710e-01
1.995262314968882812e+14 -3.518660923902984239e-01 -3.900810667771384965e-01 -2.918765404069244007e-01 -4.354756098902138328e-01 -2.618149033385535063e-01 -4.894409572986733181e-01 -2.318099973225822286e-01
2.511886431509582188e+14 -3.783393291738126329e-01 -4.272608785739453463e-01 -3.265872198905881429e-01 -4.668808834023936982e-01 -2.911765440757767553e-01 -5.067845287262524590e-01 -2.602078822807455949e-01
3.162277660168379375e+14 -3.949017318305815261e-01 -4.394944983440948194e-01 -3.349048852672305565e-01 -4.967271613156621912e-01 -2.914217990161533933e-01 -5.153900004985374483e-01 -2.790254371563846703e-01
