# M200c[Msun] <corr> corr+ corr- corr++ corr-- corr+++ corr---
1.000000000000000000e+11 -4.019035987705782409e-01 -4.043053618817251671e-01 -4.001312800988334195e-01 -4.057125072599707671e-01 -3.993257673796646312e-01 -4.065896674778147757e-01 -3.979073251718711624e-01
1.258925411794166107e+11 -4.041243852659166524e-01 -4.058853019069812440e-01 -4.016237192109426979e-01 -4.074682428002004420e-01 -3.989295899204218787e-01 -4.082892924004194457e-01 -3.979189011886747895e-01
1.584893192461110840e+11 -4.054522969018550249e-01 -4.074489177078757240e-01 -4.037036602827023812e-01 -4.111866988437497539e-01 -4.023437529378290911e-01 -4.121638814522121663e-01 -4.008539605115933879e-01
1.995262314968882751e+11 -4.072456947822089557e-01 -4.094499168572101055e-01 -4.054159262050620605e-01 -4.115368588144866502e-01 -4.037738149103813345e-01 -4.121866493045289737e-01 -4.010542743919193187e-01
2.511886431509582214e+11 -4.096980744578346822e-01 -4.126330807227328590e-01 -4.078906748983561759e-01 -4.140531491697757582e-01 -4.059669561055060938e-01 -4.150310925483883251e-01 -4.030563483526056201e-01
3.162277660168379517e+11 -4.125240628316631519e-01 -4.147869912371973666e-01 -4.105967657039477636e-01 -4.176185867184614153e-01 -4.077536197229963966e-01 -4.189779932187756573e-01 -4.060033645910607336e-01
3.981071705534969482e+11 -4.142783388996446048e-01 -4.172273355256271854e-01 -4.119982088543318044e-01 -4.197385402684008504e-01 -4.100515178379909864e-01 -4.198399652940804083e-01 -4.086646034488362056e-01
5.011872336272714844e+11 -4.172226699423932095e-01 -4.208587545528572615e-01 -4.144768659352094375e-01 -4.240901076058988250e-01 -4.119330639389665594e-01 -4.259676192652115945e-01 -4.084101929741591475e-01
6.309573444801943359e+11 -4.201427680634646222e-01 -4.236691131818630662e-01 -4.163139585503283779e-01 -4.261575825220642044e-01 -4.132284845440359344e-01 -4.285658784849943892e-01 -4.114081245276963172e-01
7.943282347242821045e+11 -4.214960083866994278e-01 -4.248197617613102550e-01 -4.175163826269400191e-01 -4.269737768556902680e-01 -4.146243734406060422e-01 -4.295771671563931582e-01 -4.144810795184107333e-01
1.000000000000000000e+12 -4.225787892070934637e-01 -4.264095373280236689e-01 -4.176108686209676901e-01 -4.306670012340392262e-01 -4.137570428940043898e-01 -4.321589119812866420e-01 -4.127462802694677468e-01
1.258925411794166260e+12 -4.234620532046079466e-01 -4.277441303684376139e-01 -4.187200456768101486e-01 -4.313363009501081091e-01 -4.151260394484970195e-01 -4.331724071273734267e-01 -4.127037905151264008e-01
1.584893192461110840e+12 -4.258203844602252430e-01 -4.299344697443014396e-01 -4.211840563042671404e-01 -4.356406800360207998e-01 -4.172161540213970565e-01 -4.389388103041133027e-01 -4.144848743631677768e-01
1.995262314968882812e+12 -4.265053865592784987e-01 -4.328604611002725422e-01 -4.218076781186101409e-01 -4.359477354868818155e-01 -4.184817629380322979e-01 -4.382208113970807450e-01 -4.152035501988710076e-01
2.511886431509582031e+12 -4.297142021377270416e-01 -4.355181277395141493e-01 -4.242727490189450723e-01 -4.402913462800401856e-01 -4.183350225092906660e-01 -4.449505013074476212e-01 -4.164812219105304969e-01
3.162277660168379395e+12 -4.339638085711776117e-01 -4.411905883831570563e-01 -4.277308828325698808e-01 -4.471496437385463762e-01 -4.206857006609699967e-01 -4.495893145396260837e-01 -4.127792741061958037e-01
3.981071705534969238e+12 -4.383174333273716083e-01 -4.455151840459841139e-01 -4.311054153708584469e-01 -4.540456428792954968e-01 -4.265389761017585601e-01 -4.559861924122667887e-01 -4.231452688007508733e-01
5.011872336272714844e+12 -4.441383133863097132e-01 -4.529202803974746727e-01 -4.381840194191705118e-01 -4.616450939901998174e-01 -4.275848160635817297e-01 -4.627005752667657790e-01 -4.231894882130363689e-01
6.309573444801942383e+12 -4.524525833865251645e-01 -4.615876518845738463e-01 -4.426574445061677854e-01 -4.696721087726067889e-01 -4.366246227338855812e-01 -4.728444210337346409e-01 -4.337391185081607703e-01
7.943282347242821289e+12 -4.585622714795012378e-01 -4.703958015137837401e-01 -4.495634002914415950e-01 -4.745165517390581567e-01 -4.413491898254773282e-01 -4.777029963283238589e-01 -4.350189189315576410e-01
1.000000000000000000e+13 -4.622544674281975352e-01 -4.718406318885824402e-01 -4.507245662477289416e-01 -4.799216874788822529e-01 -4.385232065879192120e-01 -4.894196035159324998e-01 -4.347740365269557872e-01
1.258925411794166211e+13 -4.640902795789603741e-01 -4.737973290681495864e-01 -4.500649815874299131e-01 -4.852837990596511886e-01 -4.397835684051557559e-01 -4.940614222352528451e-01 -4.342428665397263243e-01
1.584893192461110938e+13 -4.622771768300764084e-01 -4.743975011941226061e-01 -4.447329241554701107e-01 -4.835134162585506545e-01 -4.305665416363053666e-01 -4.883305607303657370e-01 -4.272604740372319965e-01
1.995262314968882812e+13 -4.533797375886402525e-01 -4.702721785211529948e-01 -4.357500374689252665e-01 -4.838479735520356817e-01 -4.254773655876475935e-01 -4.946503725381342642e-01 -4.187726818116337957e-01
2.511886431509582031e+13 -4.451016535705697441e-01 -4.674381364090277047e-01 -4.341437567707097100e-01 -4.826821777217948917e-01 -4.146829585351302638e-01 -4.943403327311272077e-01 -4.044625394560403819e-01
3.162277660168379297e+13 -4.420890918935462821e-01 -4.640182766923918734e-01 -4.222280028570463695e-01 -4.749304821905253604e-01 -3.969411433309167903e-01 -4.905072698775334583e-01 -3.923876218007628092e-01
3.981071705534969531e+13 -4.366801971002172711e-01 -4.564397999383035809e-01 -4.087904635712295009e-01 -4.770001697793517237e-01 -3.907445663783987166e-01 -4.833629627471614509e-01 -3.845618429119220805e-01
5.011872336272714844e+13 -4.353847554702843792e-01 -4.607227397499255028e-01 -4.177428797106634284e-01 -4.814857830234959835e-01 -3.903810503379860908e-01 -4.896634679741186380e-01 -3.777120195012568238e-01
6.309573444801942969e+13 -4.433067017950272914e-01 -4.629453358530949414e-01 -4.121832218397876724e-01 -4.843777264643669422e-01 -3.907157080034081575e-01 -5.054429634002280958e-01 -3.780231629370246482e-01
7.943282347242821875e+13 -4.404695576423910963e-01 -4.668584926489070530e-01 -4.137035362373875369e-01 -4.964788761380923843e-01 -3.734511083079883331e-01 -5.113038522673398756e-01 -3.360515654856844336e-01
1.000000000000000000e+14 -4.582748903530197149e-01 -4.877964711217620541e-01 -4.168105858342316949e-01 -5.251444533373188506e-01 -3.546538344575923540e-01 -5.415993571893218395e-01 -3.448266163828761499e-01
1.258925411794166250e+14 -4.520640696028754846e-01 -4.955868360181884258e-01 -4.099173115875965889e-01 -5.313598549378124591e-01 -3.718073271320619932e-01 -5.875323978530881952e-01 -3.473690285750267170e-01
1.584893192461110938e+14 -4.598885581578016080e-01 -5.078571947970207390e-01 -4.060092238211096549e-01 -5.509786070400529701e-01 -3.592012654617767753e-01 -5.628670767112632367e-01 -3.070826491431414285e-01
1.995262314968882812e+14 -4.600051517579005766e-01 -5.156293256033575023e-01 -3.962495851147125880e-01 -5.628578292916071035e-01 -3.405208042278053404e-01 -5.734501167710848168e-01 -3.156424228504041141e-01
2.511886431509582188e+14 -4.597726814517176797e-01 -5.034724862874685458e-01 -3.955019743821204803e-01 -5.529645251852275400e-01 -3.520040585493129925e-01 -5.948579386337714547e-01 -3.174440868233027735e-01
3.162277660168379375e+14 -4.446224999224545060e-01 -5.119755150567601998e-01 -3.670609757170674170e-01 -5.717742444270650370e-01 -2.943212685920288396e-01 -5.841213543900529714e-01 -2.570587245800943221e-01
