# M200c[Msun] <corr> corr+ corr- corr++ corr-- corr+++ corr---
1.000000000000000000e+10 5.330533136915037440e-02 3.007023250701890138e-02 7.541172796548181734e-02 1.051442770799081335e-02 1.040141728328060206e-01 -1.547429675534396643e-02 1.079389336779363190e-01
1.258925411794166183e+10 5.668018383104474200e-02 3.221211454107096583e-02 7.435175223440637637e-02 1.336662795059340506e-02 9.644417350792230947e-02 6.410109251914132555e-03 1.009383809149990985e-01
1.584893192461110878e+10 5.767032671738390320e-02 3.182533446866158550e-02 8.363184435049896004e-02 1.207639065172617585e-02 1.165813842376066112e-01 -1.273022970718622540e-02 1.263182877222463196e-01
1.995262314968882751e+10 5.885908416832229956e-02 2.985294905942527041e-02 8.065782130354171020e-02 3.832998259002164121e-04 1.054890647483822108e-01 -1.751467241494257532e-02 1.299937063965802553e-01
2.511886431509582138e+10 3.086423661821794187e-02 -1.809704194457542169e-03 6.454490845433796808e-02 -3.618002745497116146e-02 8.930308853856944173e-02 -4.574622062632020120e-02 1.159577239405974458e-01
3.162277660168379211e+10 2.476606947528961142e-02 -2.620376429934643051e-02 6.136027117409278281e-02 -5.321356535219211314e-02 1.053073608807252592e-01 -9.848303127539310975e-02 1.436409224190096368e-01
3.981071705534985352e+10 2.906514690007782481e-03 -5.552928325826816947e-02 4.517763951959440777e-02 -1.074547090446550113e-01 9.743772968390057576e-02 -1.418079876719941235e-01 1.262624991749471959e-01
5.011872336272734833e+10 3.889443692288168525e-02 -4.020039013999326949e-02 9.481332657885287174e-02 -1.055083341975581457e-01 1.465803140332276877e-01 -1.205988591820873757e-01 2.061166912257410833e-01
6.309573444801942444e+10 8.978709776909246654e-02 -5.500695274222419835e-03 1.808319236469448088e-01 -8.537890856546792584e-02 2.492498111598734356e-01 -1.136287931404091345e-01 2.719004788062784339e-01
