# M200c[Msun] <corr> corr+ corr- corr++ corr-- corr+++ corr---
2.511886431509582138e+10 -8.243126155287099355e-01 -8.323754806334202616e-01 -8.157340517861751961e-01 -8.384181439115896417e-01 -8.063605660805857056e-01 -8.406649557652142724e-01 -8.031601043505208759e-01
3.162277660168379211e+10 -8.237954654119501452e-01 -8.318602438808484489e-01 -8.158888331790401516e-01 -8.385849171089516663e-01 -8.060816468910605437e-01 -8.429458336248150108e-01 -7.992965992235654404e-01
3.981071705534969330e+10 -8.242971298719996565e-01 -8.321330471627708114e-01 -8.169987013622704852e-01 -8.366764397282293597e-01 -8.104937502159698104e-01 -8.526380241303442853e-01 -8.052427914565483125e-01
5.011872336272714996e+10 -8.264249641320855488e-01 -8.355456865304986547e-01 -8.164163013178320494e-01 -8.431041152914698911e-01 -8.070732622916960697e-01 -8.455149307483478260e-01 -8.032164681273942231e-01
6.309573444801942444e+10 -8.292511992482745065e-01 -8.361248895607771292e-01 -8.203070046492210166e-01 -8.442544734548045327e-01 -8.080861059920906309e-01 -8.485776741174548832e-01 -8.040150544183097825e-01
7.943282347242822266e+10 -8.323319329492284702e-01 -8.430770530716248379e-01 -8.180767982535581684e-01 -8.536278109973207684e-01 -8.085381564991171999e-01 -8.599884098777496044e-01 -8.055455763353398524e-01
1.000000000000000000e+11 -8.370350097570569137e-01 -8.504504512583321851e-01 -8.250096896383701806e-01 -8.579179117195097071e-01 -8.178856536409068179e-01 -8.652582074388537325e-01 -8.149698773288229781e-01
1.258925411794166107e+11 -8.452602082859874688e-01 -8.567628758889443974e-01 -8.269266106212460610e-01 -8.678965527256634616e-01 -8.168141630248633156e-01 -8.705478596760862775e-01 -8.117188930904811750e-01
1.584893192461110840e+11 -8.520929064524618290e-01 -8.660906666281302790e-01 -8.328591446754193273e-01 -8.811123458662584174e-01 -8.040015670157021344e-01 -8.887620249698934272e-01 -7.793045694290187120e-01
