# M200c[Msun] <corr> corr+ corr- corr++ corr-- corr+++ corr---
1.000000000000000000e+10 -2.763457283255050800e-01 -2.925274132979789887e-01 -2.585998437698224239e-01 -3.063542853192492421e-01 -2.337006564716931911e-01 -3.195239133519345853e-01 -2.186128276745251398e-01
1.258925411794166183e+10 -2.717518068980626644e-01 -2.891995331654666490e-01 -2.483440425082172331e-01 -3.047352857013673200e-01 -2.386055606977519894e-01 -3.153216294476962611e-01 -2.346246487770367317e-01
1.584893192461110878e+10 -2.749703909628878340e-01 -3.024721181042061557e-01 -2.527975866398250449e-01 -3.159380339740178179e-01 -2.212346703894746969e-01 -3.254693357988566182e-01 -1.963825262747823375e-01
1.995262314968882751e+10 -2.838875755231954345e-01 -3.031016410495200875e-01 -2.584899969131491115e-01 -3.231760562963714722e-01 -2.432392031033482338e-01 -3.440666748645735407e-01 -2.360416591806755449e-01
2.511886431509582138e+10 -2.871777341975674247e-01 -3.150076634977329038e-01 -2.566909160425639436e-01 -3.355104605040499788e-01 -2.227317049267674431e-01 -3.420024328113128731e-01 -2.155793099205594032e-01
3.162277660168379211e+10 -2.927321588990619006e-01 -3.240031344895442644e-01 -2.543254328746372139e-01 -3.558172118064970579e-01 -2.148489683669080053e-01 -3.761154283693334821e-01 -2.012076593771099653e-01
3.981071705534985352e+10 -2.868725459915179021e-01 -3.198847478959269131e-01 -2.512787787255940097e-01 -3.451846433912461043e-01 -1.845367565241542440e-01 -3.812862754624291584e-01 -1.687117922525371849e-01
5.011872336272734833e+10 -2.519197672268220778e-01 -3.110560490815486578e-01 -1.990450471328211179e-01 -3.509920456999610083e-01 -1.633164634760873590e-01 -3.701660911906716755e-01 -1.562833265329747756e-01
6.309573444801942444e+10 -2.154998016453600618e-01 -2.816075307381818438e-01 -1.504641342653452729e-01 -3.339209492106389732e-01 -8.675297713955393286e-02 -3.495307905047852493e-01 -6.161803343580216086e-02
