# M200c[Msun] <corr> corr+ corr- corr++ corr-- corr+++ corr---
1.000000000000000000e+10 -1.630134557472257273e-01 -1.654446316847237586e-01 -1.604654551476840108e-01 -1.680460838740371332e-01 -1.568804678153540300e-01 -1.697134509225718402e-01 -1.552361084350210307e-01
1.258925411794166183e+10 -1.679140126711090863e-01 -1.720084940123066675e-01 -1.654475360787809046e-01 -1.740982509548375246e-01 -1.639440062144885690e-01 -1.745408562844337208e-01 -1.630271232603803244e-01
1.584893192461110878e+10 -1.772160127420025488e-01 -1.798309852820781374e-01 -1.746905284296038363e-01 -1.819958833254559094e-01 -1.710219984640009572e-01 -1.849331650532108906e-01 -1.694820015594986906e-01
1.995262314968882751e+10 -1.870877874195635560e-01 -1.908185544445910042e-01 -1.839008381364217459e-01 -1.936631783470961765e-01 -1.821417485447887341e-01 -1.949369479443495423e-01 -1.800320821905592727e-01
2.511886431509582138e+10 -2.014683398571082695e-01 -2.039932009618793951e-01 -1.976820672586857841e-01 -2.081368911145676237e-01 -1.956261657677507149e-01 -2.104842909692141439e-01 -1.931365635860250174e-01
3.162277660168379211e+10 -2.160091053062171695e-01 -2.190531857543480398e-01 -2.118076422536435133e-01 -2.228442673215476066e-01 -2.094011102444345851e-01 -2.256441808998948528e-01 -2.067972420593930383e-01
3.981071705534969330e+10 -2.293180561362946901e-01 -2.331964414130042740e-01 -2.247551081681452567e-01 -2.361470122617544409e-01 -2.212255394237238604e-01 -2.388917314471777353e-01 -2.182224256887890512e-01
5.011872336272714996e+10 -2.435739280843350341e-01 -2.479312113055691380e-01 -2.397769657154879552e-01 -2.522835323999293444e-01 -2.351135987913186565e-01 -2.554195660880724250e-01 -2.320203281897527670e-01
6.309573444801942444e+10 -2.601558844299219908e-01 -2.634613209151925872e-01 -2.552032781109687121e-01 -2.661092523066080906e-01 -2.512694760193395771e-01 -2.696453404130174647e-01 -2.469220153541314688e-01
7.943282347242822266e+10 -2.740959265805236189e-01 -2.789447615449918705e-01 -2.690344699655644045e-01 -2.831405238260789048e-01 -2.646966788794848924e-01 -2.876495064283760561e-01 -2.575315304882093148e-01
1.000000000000000000e+11 -2.867267192312198398e-01 -2.930814048717721443e-01 -2.817412455209028499e-01 -2.989966631312792056e-01 -2.757490844080265902e-01 -3.042783187579358173e-01 -2.718635043948334218e-01
1.258925411794166107e+11 -2.986904135420296313e-01 -3.046521572033838443e-01 -2.925885351328643136e-01 -3.101675052625287310e-01 -2.873341966541452797e-01 -3.128771645142490176e-01 -2.846670125670590079e-01
1.584893192461110840e+11 -3.051458220430960933e-01 -3.111340240961483761e-01 -2.997869922360236750e-01 -3.175883963912593533e-01 -2.904825607029598022e-01 -3.185242681392972397e-01 -2.882001988423620875e-01
1.995262314968882751e+11 -3.086710100023513093e-01 -3.179087487562440306e-01 -3.009421312130503012e-01 -3.255555289384738371e-01 -2.963545730121608379e-01 -3.322787723839553120e-01 -2.927458476774051355e-01
2.511886431509582214e+11 -3.123534794340411813e-01 -3.186970192692378800e-01 -3.050702321822107432e-01 -3.245635357088157424e-01 -2.986330709706926378e-01 -3.256778406096459966e-01 -2.973741647740476557e-01
3.162277660168379517e+11 -3.138943931420822286e-01 -3.223436821654569462e-01 -3.065229014013405862e-01 -3.267649945318695792e-01 -2.959611196882013795e-01 -3.404936314702569078e-01 -2.871127626318198400e-01
3.981071705534969482e+11 -3.149593453495857509e-01 -3.230696317137291551e-01 -3.070992903828287934e-01 -3.352337879493869632e-01 -2.977650163744366418e-01 -3.378777116374419021e-01 -2.851452074477427989e-01
5.011872336272714844e+11 -3.138439289626926421e-01 -3.251159869979829420e-01 -3.019035025283937079e-01 -3.408361327824748765e-01 -2.899463872057334579e-01 -3.458349348721230232e-01 -2.851030701750239538e-01
6.309573444801916504e+11 -3.153614804805807692e-01 -3.305938171404574355e-01 -3.031897801941776938e-01 -3.387654507032115125e-01 -2.891067107217755727e-01 -3.444708013324874751e-01 -2.757767209863326019e-01
7.943282347242789307e+11 -3.145048162183203821e-01 -3.281063392540666257e-01 -3.001933971673881318e-01 -3.336983548089627050e-01 -2.873059873363575933e-01 -3.429186693429071564e-01 -2.821715958858058704e-01
1.000000000000000000e+12 -3.098049263754075744e-01 -3.258357989375916253e-01 -2.893517468641795820e-01 -3.442777285501860129e-01 -2.747982864077992415e-01 -3.552626303719466638e-01 -2.586029744865505076e-01
1.258925411794166260e+12 -3.027736230923872007e-01 -3.207597248945361357e-01 -2.848769495247698846e-01 -3.301306822725037504e-01 -2.662632202860811814e-01 -3.339859869488289723e-01 -2.603178779847974966e-01
1.584893192461110840e+12 -2.984339949652771717e-01 -3.182396014515542215e-01 -2.771868670166373061e-01 -3.416605099983656135e-01 -2.561895141776756035e-01 -3.459017039045895192e-01 -2.240960051195503011e-01
1.995262314968874756e+12 -3.042583666461734504e-01 -3.256857204897797287e-01 -2.848889198787732391e-01 -3.382866034677555200e-01 -2.612376819242069326e-01 -3.470043897252051979e-01 -2.513542018754101881e-01
2.511886431509571777e+12 -2.920059800949942885e-01 -3.228307905198656846e-01 -2.654574719407059025e-01 -3.488340438479388128e-01 -2.457925339618294847e-01 -3.573128190792562164e-01 -2.164011191260041544e-01
3.162277660168379395e+12 -2.823646885557157815e-01 -3.201933052163222770e-01 -2.591310180199331570e-01 -3.467501248951528892e-01 -2.335640624586458047e-01 -3.522192257057459863e-01 -2.296883179904725680e-01
3.981071705534969238e+12 -2.640144151844202591e-01 -2.954468076704770407e-01 -2.293101269063864134e-01 -3.304231512746488852e-01 -1.979750528188465863e-01 -3.394895907067376206e-01 -1.215976691237874718e-01
5.011872336272714844e+12 -2.539943433209130297e-01 -2.963723232274423913e-01 -2.096482996310514157e-01 -3.160562118976339430e-01 -1.790983242710845746e-01 -3.334298642898353426e-01 -1.754896013735875449e-01
6.309573444801916992e+12 -2.513711716363431492e-01 -2.844114083442044749e-01 -2.146548184993020969e-01 -3.357898890159731198e-01 -1.557033284654583127e-01 -3.590244571137455876e-01 -1.296917444849312040e-01
7.943282347242789062e+12 -2.432539044959562413e-01 -3.006154235552532250e-01 -1.910454298767724490e-01 -3.250975825263631713e-01 -1.534017434249842493e-01 -3.500201475895814984e-01 -1.348523491710097999e-01
1.000000000000000000e+13 -2.341237700346734396e-01 -3.004005202722043744e-01 -1.840236819282351499e-01 -3.450322707461829230e-01 -1.230927457932761981e-01 -3.557169970679833759e-01 -9.217165095134041697e-02
1.258925411794166211e+13 -2.257412462930197261e-01 -3.040495296535258296e-01 -1.429856927489303875e-01 -3.690256767082246703e-01 -8.086467586181428358e-02 -4.193333000052533732e-01 3.570757852477805111e-02
1.584893192461110938e+13 -2.549764836144258195e-01 -3.342997259459530301e-01 -1.880899258533328400e-01 -4.097286893403471186e-01 -1.140948178538093993e-01 -4.447761196489013469e-01 -8.530888878882296467e-02
