# M200c[Msun] <corr> corr+ corr- corr++ corr-- corr+++ corr---
1.584893192461110830e+09 6.446117613939686408e-02 4.695950068052786447e-02 9.162166851231216824e-02 2.125713587425347509e-02 1.172528337708542423e-01 1.010473952283697657e-02 1.292982860202021855e-01
1.995262314968874693e+09 7.406687656401367281e-02 4.269625341035204746e-02 9.492997617324733239e-02 3.054479615937459244e-02 1.073491954502250600e-01 5.131502875985118235e-04 1.186696571957613910e-01
2.511886431509572029e+09 6.889746427493792513e-02 4.326411952805236244e-02 9.027319125243540854e-02 2.339891021757169176e-02 1.167793843878816296e-01 6.189736707211403524e-03 1.383084384113111576e-01
3.162277660168379307e+09 7.030733541489281313e-02 4.975596875173518563e-02 1.035581687030957543e-01 2.165860297150625641e-02 1.264281335760004676e-01 7.136905809222170854e-03 1.413286235599259533e-01
3.981071705534969330e+09 7.795745552624591679e-02 4.745365129861385534e-02 1.115985920272372228e-01 2.533134649138270300e-02 1.344621409826974034e-01 7.629642525814999028e-03 1.582305614872735466e-01
5.011872336272714615e+09 1.026032849870624764e-01 6.779962236175969548e-02 1.306473147327905371e-01 2.728937851754616173e-02 1.571220616328637409e-01 1.159178237439873610e-02 1.621713458541223507e-01
6.309573444801942825e+09 1.326833292877139248e-01 1.023688097864790536e-01 1.797029831451179283e-01 4.722544170700617577e-02 2.252221863924579459e-01 3.095383539069725132e-02 2.563798187690535801e-01
7.943282347242821693e+09 1.898424275555604113e-01 1.417551254299845576e-01 2.319787506113508146e-01 9.029587993181337202e-02 2.724156298389483477e-01 7.221440364899767150e-02 3.191569191425837060e-01
1.000000000000000000e+10 2.662751325228429056e-01 1.975237642974103647e-01 3.458934897295637967e-01 1.241744937727214670e-01 4.045218262632505613e-01 4.706039527818288437e-02 4.066375581823323815e-01
