# M200c[Msun] <corr> corr+ corr- corr++ corr-- corr+++ corr---
1.995262314968882751e+11 -4.082043137033121161e-01 -4.108766151210000439e-01 -4.050708071745479644e-01 -4.146491007997548106e-01 -4.034507297334825049e-01 -4.167111235994792051e-01 -4.013444967169617628e-01
2.511886431509582214e+11 -4.148455036937472862e-01 -4.167772277163863670e-01 -4.124120904875382965e-01 -4.187790244113033244e-01 -4.095749546724051227e-01 -4.190722401374872286e-01 -4.087175719526016104e-01
3.162277660168379517e+11 -4.179276703407402982e-01 -4.211564449769303886e-01 -4.160718838490013449e-01 -4.231873084432492549e-01 -4.138362726630089306e-01 -4.247138688075137725e-01 -4.112800143556257781e-01
3.981071705534985352e+11 -4.198318735487296394e-01 -4.226223495481750136e-01 -4.173959392337863727e-01 -4.238934500319119780e-01 -4.151258914836361003e-01 -4.256353734632789543e-01 -4.119367101482964144e-01
5.011872336272734985e+11 -4.179553040078617943e-01 -4.210210841377995949e-01 -4.152057959860967484e-01 -4.245591963319731987e-01 -4.123541003179308495e-01 -4.260750277429206645e-01 -4.108024527602208709e-01
6.309573444801943359e+11 -4.146393856307532544e-01 -4.177242623664188526e-01 -4.114577258730994780e-01 -4.208674948295564322e-01 -4.074556579811614010e-01 -4.220780776410371637e-01 -4.061069139236665460e-01
7.943282347242821045e+11 -4.086744067405910785e-01 -4.119399336739421047e-01 -4.048685470968648170e-01 -4.154054641533681536e-01 -4.008268471655451748e-01 -4.159488567415686178e-01 -3.995356677118460098e-01
1.000000000000000000e+12 -3.996920246508527397e-01 -4.031582789681036338e-01 -3.958851086240131600e-01 -4.084427936796290459e-01 -3.928876743009588335e-01 -4.107758716321564529e-01 -3.915723486102670736e-01
1.258925411794171387e+12 -3.858355280981788926e-01 -3.908354830803670854e-01 -3.824220029535072563e-01 -3.953477321787132737e-01 -3.784014465044453490e-01 -3.969974850185431503e-01 -3.760927301878587703e-01
1.584893192461117432e+12 -3.674339702919960926e-01 -3.726888234713109926e-01 -3.634954861965337125e-01 -3.758584566179722364e-01 -3.604427894753114980e-01 -3.770353396886852448e-01 -3.586842618522914083e-01
1.995262314968882812e+12 -3.434879306509899255e-01 -3.499138190201319110e-01 -3.381359553809060725e-01 -3.554653364776096391e-01 -3.348237605619552859e-01 -3.578918437795440832e-01 -3.310848880967737218e-01
2.511886431509582031e+12 -3.179341826447885100e-01 -3.243197304634584111e-01 -3.101342414752304433e-01 -3.307604857194923476e-01 -3.044250425331082033e-01 -3.317254408371076990e-01 -3.026372181459180410e-01
3.162277660168379395e+12 -2.956337257418188424e-01 -3.014612847947268914e-01 -2.894395276851207677e-01 -3.081941388941663584e-01 -2.842422339014437083e-01 -3.137642029558877499e-01 -2.798717964473155240e-01
3.981071705534985352e+12 -2.806465069226505848e-01 -2.882512203702667919e-01 -2.743923998749523974e-01 -2.947715012127904988e-01 -2.674557876584046090e-01 -2.981236913227719998e-01 -2.632480244374744704e-01
5.011872336272735352e+12 -2.821589482656609027e-01 -2.900406754735703196e-01 -2.742801325674180668e-01 -3.017108455802752220e-01 -2.659594628233177271e-01 -3.052361363295407748e-01 -2.619954076972015877e-01
6.309573444801942383e+12 -2.929668059324288532e-01 -3.027615892766030714e-01 -2.818022219889783631e-01 -3.101616328885306029e-01 -2.748008650724753643e-01 -3.113007543660972765e-01 -2.704274114875976909e-01
7.943282347242821289e+12 -3.080991973416860041e-01 -3.184563193123016722e-01 -2.950739064692772806e-01 -3.289989084834922251e-01 -2.866674509895544287e-01 -3.342398407564446394e-01 -2.768322811988273568e-01
1.000000000000000000e+13 -3.244774124567627593e-01 -3.388201954432681906e-01 -3.088805262911527572e-01 -3.476738157024529263e-01 -2.972422785628879849e-01 -3.623197928547561286e-01 -2.955244684955462553e-01
1.258925411794166211e+13 -3.392605647502080490e-01 -3.555005249890854646e-01 -3.281894490620325677e-01 -3.685800145460742527e-01 -3.188498794172536233e-01 -3.709867976073690232e-01 -3.138499287385640435e-01
1.584893192461110938e+13 -3.563770799041129922e-01 -3.683982545735443037e-01 -3.399778608392387547e-01 -3.800046491271186211e-01 -3.210424997207351749e-01 -3.847665482351327326e-01 -3.114547197992894034e-01
1.995262314968882812e+13 -3.749710425274912495e-01 -3.906967625302654734e-01 -3.551334826696659341e-01 -4.056195214200965515e-01 -3.469033258618933191e-01 -4.195977512416224631e-01 -3.363131062804430305e-01
2.511886431509582031e+13 -3.995275986313423511e-01 -4.143300984072385562e-01 -3.803300753045043003e-01 -4.275411993165083580e-01 -3.620068351623691449e-01 -4.371982763320949039e-01 -3.423513893201384217e-01
3.162277660168379297e+13 -4.105805506294176177e-01 -4.330753923674574568e-01 -3.909669630553548880e-01 -4.495460100353272370e-01 -3.618455308653774627e-01 -4.584275702614238890e-01 -3.332766146177124633e-01
3.981071705534969531e+13 -4.330682070700804798e-01 -4.571661474221687116e-01 -4.144437355074062079e-01 -4.806213999495622669e-01 -3.897589854817764543e-01 -4.846730096151563583e-01 -3.820637965342068565e-01
5.011872336272714844e+13 -4.490119952333524456e-01 -4.695252654957269289e-01 -4.206362933581154206e-01 -4.946019422360593554e-01 -4.029172480441233217e-01 -5.078174136182745935e-01 -3.908197794416994886e-01
6.309573444801942969e+13 -4.567113972245409603e-01 -4.778906744705306298e-01 -4.254216238319112886e-01 -5.084763664171687569e-01 -3.967933313392693062e-01 -5.339198230499788700e-01 -3.892005431501162627e-01
7.943282347242821875e+13 -4.679278306670114906e-01 -4.969597374133756240e-01 -4.442535100232404277e-01 -5.212178850041361278e-01 -4.165131656935961435e-01 -5.674108082537145936e-01 -4.045786573404398512e-01
1.000000000000000000e+14 -4.811807466645999787e-01 -5.177839115639133460e-01 -4.516747482859900797e-01 -5.441995831225823199e-01 -4.045087481359505022e-01 -5.656598840239456250e-01 -3.636499472696350654e-01
1.258925411794166250e+14 -5.076064359871605980e-01 -5.429268544105265715e-01 -4.703058005884654946e-01 -5.659828480039947873e-01 -4.339925162336814024e-01 -5.909820106692792452e-01 -4.118653800832201006e-01
1.584893192461110938e+14 -5.202422302059446224e-01 -5.609723711290810488e-01 -4.633282417498808536e-01 -5.986631778705624463e-01 -4.130056089079294779e-01 -6.450826598503234255e-01 -3.737829942343965928e-01
1.995262314968882812e+14 -5.384975722911163887e-01 -5.811955072859233962e-01 -4.939653793437849272e-01 -6.389905222997820378e-01 -4.291009281811811737e-01 -6.523772733965242931e-01 -4.178782865639801836e-01
2.511886431509582188e+14 -5.201991530093865723e-01 -5.721066978921456325e-01 -4.619759518534842790e-01 -6.228681402532052491e-01 -3.732532724624237908e-01 -6.575484752239681985e-01 -3.578319624759093709e-01
3.162277660168379375e+14 -4.559271274519551831e-01 -5.463478907786157857e-01 -3.582522689687948070e-01 -6.168951266502910036e-01 -3.124289534915111188e-01 -7.187460578588866777e-01 -2.888168748220333870e-01
