# M200c[Msun] <corr> corr+ corr- corr++ corr-- corr+++ corr---
1.000000000000000000e+11 -2.520957891114105620e-01 -2.536896911374206254e-01 -2.507845246495062907e-01 -2.560433260555969870e-01 -2.494810752725284408e-01 -2.583712723659266075e-01 -2.484161730360683884e-01
1.258925411794166107e+11 -2.548788438747182639e-01 -2.566284133489365460e-01 -2.533261405263740329e-01 -2.578194174566319496e-01 -2.518229249697561123e-01 -2.581921946509085908e-01 -2.515480782726030040e-01
1.584893192461110840e+11 -2.594573015848883335e-01 -2.614569119927139806e-01 -2.577278747201536269e-01 -2.631539472092134790e-01 -2.555584439151231124e-01 -2.643278476189264703e-01 -2.548538503878758354e-01
1.995262314968882751e+11 -2.657784058159999296e-01 -2.678406993029332495e-01 -2.640986530867635573e-01 -2.692135228145581261e-01 -2.624233580247333775e-01 -2.699491355375468471e-01 -2.613212961048473337e-01
2.511886431509582214e+11 -2.739670535585200239e-01 -2.759459805920220221e-01 -2.723191929879335560e-01 -2.775642867032109828e-01 -2.705316020281323119e-01 -2.786102470726565805e-01 -2.696034405081562668e-01
3.162277660168379517e+11 -2.824425694860012159e-01 -2.846674824749622079e-01 -2.804351925111148724e-01 -2.866110609227776607e-01 -2.785777370667995578e-01 -2.871221633726535050e-01 -2.780995262987954741e-01
3.981071705534969482e+11 -2.894859029858718458e-01 -2.916312391617579824e-01 -2.868251653036274496e-01 -2.943122433142315586e-01 -2.839477110903179113e-01 -2.954174967471647761e-01 -2.827645597915540154e-01
5.011872336272714844e+11 -2.946150171831043996e-01 -2.973743209688640143e-01 -2.920151524214197325e-01 -2.992130644176909104e-01 -2.894532646319836200e-01 -3.000142515670145560e-01 -2.882610847283309519e-01
6.309573444801943359e+11 -2.979465032974405458e-01 -3.007141836233673260e-01 -2.945342298660416636e-01 -3.044831121522663109e-01 -2.925797040465392129e-01 -3.059592852670358076e-01 -2.909728217042890086e-01
7.943282347242821045e+11 -2.990930936364261106e-01 -3.018471767752884394e-01 -2.965377057534702154e-01 -3.064906301037198522e-01 -2.939313280489790348e-01 -3.096613647363084532e-01 -2.932183287435099484e-01
1.000000000000000000e+12 -2.991692869350850437e-01 -3.023986190884827563e-01 -2.955951068037506735e-01 -3.047288646763779418e-01 -2.909898081928056213e-01 -3.050987298667514613e-01 -2.905439741832123168e-01
1.258925411794166260e+12 -2.972477808643508856e-01 -3.001552051617952799e-01 -2.923857508231159641e-01 -3.066661549260210062e-01 -2.881587025049178186e-01 -3.081238796998039264e-01 -2.877312490798707434e-01
1.584893192461110840e+12 -2.933508967404888090e-01 -2.973601626784243557e-01 -2.900349078540215286e-01 -3.023120594671743211e-01 -2.853692143388893432e-01 -3.072533414097198268e-01 -2.837122102124727263e-01
1.995262314968882812e+12 -2.897302693232952642e-01 -2.940198277120481540e-01 -2.844651262610086162e-01 -2.995980359734540244e-01 -2.790099843615932995e-01 -3.004976363566237985e-01 -2.758696219957609275e-01
2.511886431509582031e+12 -2.821398692184155510e-01 -2.871702711778761352e-01 -2.763488475565156199e-01 -2.900873134677690590e-01 -2.705367000451635029e-01 -2.941445659627628939e-01 -2.693274510956488177e-01
3.162277660168379395e+12 -2.727836579222044922e-01 -2.810437261614942006e-01 -2.670173546052428959e-01 -2.862995403859567300e-01 -2.624079738653493088e-01 -2.877487394722910152e-01 -2.593463428609654176e-01
3.981071705534969238e+12 -2.630547039344244276e-01 -2.695958275367718038e-01 -2.539764732527978186e-01 -2.746261377299679673e-01 -2.484906721171379895e-01 -2.771433333305706181e-01 -2.431029290920113939e-01
5.011872336272714844e+12 -2.428855230409152355e-01 -2.542544325150867812e-01 -2.344068280641626589e-01 -2.610862332696585186e-01 -2.267997965314125508e-01 -2.617263622504548137e-01 -2.226019250438218688e-01
6.309573444801942383e+12 -2.266355647851708843e-01 -2.385162556869429018e-01 -2.178336908611802625e-01 -2.548412153395780977e-01 -2.093106197334080876e-01 -2.630188973013620757e-01 -2.044033936326468126e-01
7.943282347242821289e+12 -2.096720756925852802e-01 -2.181163379229053567e-01 -1.942738960288899752e-01 -2.279259348419829800e-01 -1.825873539075337226e-01 -2.329182023997818651e-01 -1.790230290459899620e-01
1.000000000000000000e+13 -1.955249667553816406e-01 -2.046469757256281496e-01 -1.810021650511733915e-01 -2.145101521630387587e-01 -1.708896649894799114e-01 -2.334640628579519595e-01 -1.686807535926474477e-01
1.258925411794166211e+13 -1.832939986303566693e-01 -2.024379660849640050e-01 -1.651340061791286284e-01 -2.232167117803676437e-01 -1.473455942350866688e-01 -2.425004248790416650e-01 -1.327492562543641230e-01
1.584893192461110938e+13 -1.751393227722617962e-01 -1.986230151743377526e-01 -1.571990135383410370e-01 -2.231937606433089250e-01 -1.362649830693210551e-01 -2.390416421173600370e-01 -1.099438390241476438e-01
1.995262314968882812e+13 -1.680562945337992775e-01 -1.872860942547624197e-01 -1.461139351629986149e-01 -2.024086701435713898e-01 -1.275348116457979408e-01 -2.197722322109727511e-01 -1.109840664993314158e-01
2.511886431509582031e+13 -1.497549033331913027e-01 -1.754378982911717066e-01 -1.174059181562570192e-01 -1.948460322632178943e-01 -8.507992772662817393e-02 -2.020675890219317539e-01 -4.078379902577058264e-02
3.162277660168379297e+13 -1.377751182158607757e-01 -1.632852055087657406e-01 -9.961089975030985866e-02 -1.829780926432540422e-01 -6.220696206820265639e-02 -2.027023462980460655e-01 -1.129830665566781966e-02
3.981071705534969531e+13 -1.180033456860622998e-01 -1.603084366951010864e-01 -8.446689623403537406e-02 -1.864882860885171412e-01 -6.009487189140309826e-02 -2.477829276499733391e-01 -7.060282865339877201e-03
5.011872336272714844e+13 -9.619721849768289590e-02 -1.448711280839658777e-01 -3.608823204216388136e-02 -1.841287606364908902e-01 2.377764208275001678e-02 -2.354301596949086306e-01 5.401116071535105867e-02
6.309573444801942969e+13 -5.459350996086148600e-02 -1.055396245021286428e-01 1.320394252569630569e-02 -1.650055473653732618e-01 7.061153568858928586e-02 -1.894549769305207132e-01 8.858079630090678891e-02
7.943282347242821875e+13 1.490478742240789085e-02 -5.214644918664754908e-02 7.653035889579277995e-02 -1.245377100198767351e-01 1.532879090626462215e-01 -2.039813877969818279e-01 2.074103253230140109e-01
