# M200c[Msun] <corr> corr+ corr- corr++ corr-- corr+++ corr---
2.511886431509582138e+10 -1.763956932607953776e-01 -2.024740871507576812e-01 -1.535036811110787325e-01 -2.208952248103631111e-01 -1.263618130016539165e-01 -2.285810767389660492e-01 -1.232893255630696100e-01
3.162277660168379211e+10 -1.815180356226690495e-01 -2.014751610789600744e-01 -1.546629781391754832e-01 -2.229221630746338056e-01 -1.393982853367772834e-01 -2.484338628347550482e-01 -1.269955222469278111e-01
3.981071705534969330e+10 -1.868206662187035794e-01 -2.112800156280741914e-01 -1.679602770958869562e-01 -2.256448367852862125e-01 -1.434739339290427296e-01 -2.546543430978325806e-01 -1.303653160809243317e-01
5.011872336272714996e+10 -1.965559806985313074e-01 -2.247969425087173734e-01 -1.615861374658178473e-01 -2.418028345960314962e-01 -1.421603395714938212e-01 -2.445344661324999058e-01 -1.285941466725173399e-01
6.309573444801942444e+10 -2.034200144955108369e-01 -2.253472899822359932e-01 -1.661677086396677605e-01 -2.578693260505806606e-01 -1.450235876044854710e-01 -2.776633704024444871e-01 -1.392386943646630737e-01
7.943282347242822266e+10 -2.047933560833536393e-01 -2.422943863656738805e-01 -1.629704790224389133e-01 -2.736378155328278439e-01 -1.423109611745413394e-01 -2.769843570293624158e-01 -1.162089452628031205e-01
1.000000000000000000e+11 -1.745995397681702477e-01 -2.120471845335520356e-01 -1.251213187463831589e-01 -2.729358198819296644e-01 -9.909478129825266546e-02 -2.929178364367217569e-01 -6.610672298901139332e-02
1.258925411794166107e+11 -1.324417038989835760e-01 -1.900087758733619014e-01 -6.635074215267169895e-02 -2.771804272022230231e-01 -4.975173525637949234e-03 -2.859671970711670230e-01 7.518092787218003115e-02
1.584893192461110840e+11 -4.750466763869139880e-02 -1.232022087068661009e-01 3.700868899662896477e-02 -2.175488543563815491e-01 1.158261356392428776e-01 -2.617800592146976579e-01 1.541104682616216137e-01
