# M200c[Msun] <corr> corr+ corr- corr++ corr-- corr+++ corr---
1.000000000000000000e+10 1.774915871422979297e-01 1.596072442630461774e-01 1.926300460984364527e-01 1.399440725622704829e-01 2.071648180694769525e-01 1.199251339540548800e-01 2.112959472405215033e-01
1.258925411794166183e+10 1.710248179238792465e-01 1.459604329185503757e-01 2.012245501002759007e-01 1.234716554757354784e-01 2.160120843542255864e-01 1.125975037355270714e-01 2.200964587621774549e-01
1.584893192461110878e+10 1.624705507033624707e-01 1.359715827935565613e-01 1.846084601050573815e-01 1.156671907057113952e-01 2.111986012472262808e-01 1.040047932660190799e-01 2.177147718383197761e-01
1.995262314968882751e+10 1.457113472275619048e-01 1.202137467147559174e-01 1.658439349683639708e-01 1.012626425844443678e-01 1.905105291812655421e-01 9.423102305624052322e-02 2.079077045604270646e-01
2.511886431509582138e+10 1.305249694271624628e-01 9.898370245171989046e-02 1.669573865510594890e-01 7.306159370311407497e-02 1.944241598900578460e-01 6.794090326566505633e-02 2.136520260642879310e-01
3.162277660168379211e+10 1.094032456018074473e-01 7.264292161169030870e-02 1.528342078760384637e-01 3.504122594347446745e-02 1.827017662374206264e-01 -3.402961121689189461e-03 2.041183920667468121e-01
3.981071705534985352e+10 8.106197100348006002e-02 3.102092117726261075e-02 1.168215824755919618e-01 -3.383688962285157087e-03 1.755607186741772185e-01 -1.374082962785379107e-02 1.908768945705300590e-01
5.011872336272734833e+10 2.393523119412512695e-02 -2.629396115167356718e-02 7.421547448570696426e-02 -9.625413977423551148e-02 1.438228725749745862e-01 -1.220738667488770191e-01 2.379390357433998626e-01
6.309573444801942444e+10 -4.512102215741740918e-03 -7.349001153346039483e-02 6.325562301226497763e-02 -1.389096586082489704e-01 1.223113897668275663e-01 -1.930832636986546391e-01 1.432524580651285129e-01
