# M200c[Msun] <corr> corr+ corr- corr++ corr-- corr+++ corr---
1.000000000000000000e+09 -1.461510289593064560e-01 -1.495030949738866410e-01 -1.429778884226610702e-01 -1.516987171803669265e-01 -1.394910341945246879e-01 -1.528710043225350868e-01 -1.358565606404750492e-01
1.258925411794166088e+09 -1.450164239198983851e-01 -1.478824752405444309e-01 -1.422044000784660200e-01 -1.495911238636958851e-01 -1.398179118044326485e-01 -1.508670579784889831e-01 -1.369953908473555693e-01
1.584893192461110830e+09 -1.417474795695427003e-01 -1.460299093090203226e-01 -1.389975184926598994e-01 -1.483729891457575556e-01 -1.364799350521112842e-01 -1.492580105479373309e-01 -1.348202339563681906e-01
1.995262314968882799e+09 -1.379907114772438437e-01 -1.412250269430586624e-01 -1.350468273378998552e-01 -1.434389928588038488e-01 -1.330712406564074080e-01 -1.439074317991088925e-01 -1.317796300937870979e-01
2.511886431509582043e+09 -1.333070888124097686e-01 -1.361338809514525405e-01 -1.299591102166064438e-01 -1.397662624363374129e-01 -1.276123182214273233e-01 -1.406482243175456448e-01 -1.267316461586606158e-01
3.162277660168379307e+09 -1.276622151780413827e-01 -1.312429182382600368e-01 -1.238007939566806992e-01 -1.357778407152269162e-01 -1.195942243229481672e-01 -1.392584457849897484e-01 -1.174566869934063895e-01
3.981071705534969330e+09 -1.225808419064009225e-01 -1.263464072409494210e-01 -1.173850317221728223e-01 -1.287430375944543237e-01 -1.109494306410210573e-01 -1.325136404965300552e-01 -1.057934770801814695e-01
5.011872336272714615e+09 -1.183709647329665576e-01 -1.225555699376828789e-01 -1.115108408305341414e-01 -1.289889847677209433e-01 -1.056300083096177178e-01 -1.316652095909182640e-01 -1.034538800202469688e-01
6.309573444801942825e+09 -1.161374393272416317e-01 -1.202962111046811111e-01 -1.113954038777426742e-01 -1.263921795111744850e-01 -1.070988593538957229e-01 -1.293240667448035952e-01 -1.039775046284009546e-01
7.943282347242821693e+09 -1.189582053621284774e-01 -1.236822725135688639e-01 -1.110625611422773329e-01 -1.268282168795488718e-01 -1.033308657422253030e-01 -1.314024735945270306e-01 -1.015080745552190966e-01
1.000000000000000000e+10 -1.210033037607120138e-01 -1.268243667557648335e-01 -1.140157243799550524e-01 -1.322125454367277242e-01 -1.102457794652750289e-01 -1.345009758222259211e-01 -1.088977823316473054e-01
1.258925411794166183e+10 -1.238203806028918552e-01 -1.330603837622585939e-01 -1.150703147313814900e-01 -1.419803718376921042e-01 -1.087324187963999989e-01 -1.435922727896007112e-01 -1.062624379242776279e-01
1.584893192461110878e+10 -1.254567136423774265e-01 -1.349950582461227899e-01 -1.172768343856866319e-01 -1.436092076559039032e-01 -1.120970146129628697e-01 -1.471294443999139057e-01 -1.068613043168975818e-01
1.995262314968882751e+10 -1.241145096374895451e-01 -1.347551244035057605e-01 -1.165052061238675829e-01 -1.431636437602921419e-01 -1.034089141444226451e-01 -1.474935455067390710e-01 -9.433668764787786487e-02
2.511886431509582138e+10 -1.309239341266066614e-01 -1.429550696488712247e-01 -1.226578618365695150e-01 -1.553565815285144758e-01 -1.122791025506528206e-01 -1.582318895596740993e-01 -1.066740352984399676e-01
3.162277660168379211e+10 -1.426635200862820529e-01 -1.544682832969932196e-01 -1.315183143646698194e-01 -1.643653157674335175e-01 -1.227569742178356571e-01 -1.675219215190768551e-01 -1.142075699558814939e-01
3.981071705534969330e+10 -1.562731764789234701e-01 -1.708889632994768648e-01 -1.409853196543492393e-01 -1.822305116024507676e-01 -1.311377422147603500e-01 -1.975020518534214009e-01 -1.281048695190085962e-01
5.011872336272714996e+10 -1.712289901186586638e-01 -1.861867138889190254e-01 -1.585037102210685167e-01 -1.991072107672001157e-01 -1.473673931387406710e-01 -2.082390108908330206e-01 -1.333329597323522631e-01
6.309573444801942444e+10 -1.758100405271269262e-01 -1.873288365189455795e-01 -1.576240287461786738e-01 -2.057011928670834933e-01 -1.493741874004597681e-01 -2.149817520079039257e-01 -1.410252713997387497e-01
7.943282347242822266e+10 -1.696072326486179616e-01 -1.933141900880318842e-01 -1.511114014159792018e-01 -2.036591058977428315e-01 -1.358818793903123212e-01 -2.092880616790704085e-01 -1.330221286963446936e-01
1.000000000000000000e+11 -1.573402538204327072e-01 -1.767859746090499340e-01 -1.356897185077256818e-01 -1.915869522849894535e-01 -1.220087937235992959e-01 -2.133568886013128274e-01 -1.181467865524604977e-01
1.258925411794166107e+11 -1.455808219032077022e-01 -1.665548070000392178e-01 -1.188539231091660792e-01 -1.882826167431093656e-01 -1.062391342207074929e-01 -1.933119087389409685e-01 -9.743190465447545967e-02
1.584893192461110840e+11 -1.330857913553152583e-01 -1.499607138988809374e-01 -1.097916352858774036e-01 -1.698045319327263769e-01 -8.830818998069914216e-02 -1.817248450837715412e-01 -8.513812818920495074e-02
1.995262314968882751e+11 -1.202539364364259566e-01 -1.445864395663740420e-01 -1.050504260343920748e-01 -1.635612139301820256e-01 -8.851664754141491676e-02 -1.875935669442488352e-01 -7.944692667668377950e-02
2.511886431509582214e+11 -1.078622726244220509e-01 -1.371807750317211583e-01 -8.179640580006460049e-02 -1.626451848485917784e-01 -6.737286219116686570e-02 -1.774886460580309411e-01 -4.586483700567067778e-02
3.162277660168379517e+11 -9.294331401047101204e-02 -1.252275239404995189e-01 -6.233863179768510399e-02 -1.455386277452633270e-01 -3.267780783272656447e-02 -1.728296447076556885e-01 -2.628087443516644028e-02
3.981071705534969482e+11 -6.282335680136111322e-02 -9.624268514107220396e-02 -2.609647872112836470e-02 -1.394147840394359406e-01 -3.963373556718021579e-03 -1.565411697320137074e-01 2.127220489361779029e-02
5.011872336272714844e+11 -3.716087280525599834e-02 -6.724851492765833438e-02 -4.710421857690793614e-03 -1.078470794740411520e-01 2.575330878538807308e-02 -1.596655569991445311e-01 5.710045026329310658e-02
6.309573444801943359e+11 -3.334150017745215328e-02 -7.358615260826216475e-02 1.152111948686863202e-02 -1.010419106987532067e-01 4.823643831030455936e-02 -1.195955597724200070e-01 6.959557634103390178e-02
7.943282347242821045e+11 -2.660940077223956229e-02 -7.480886670973105335e-02 1.805404043746476617e-02 -1.014049929994533805e-01 5.358673291546391798e-02 -1.221002254801739906e-01 5.743688814623773564e-02
1.000000000000000000e+12 -3.801612634577154065e-02 -9.692779116396660344e-02 5.225627236309966436e-03 -1.382366780317705601e-01 4.710821378486897137e-02 -1.626815695413920959e-01 8.206978753723014053e-02
1.258925411794166260e+12 -4.551172798918397266e-02 -1.031325109766968728e-01 1.128994903240560475e-02 -1.409794500511566961e-01 3.959625306247073484e-02 -1.616194096496394728e-01 8.904542750073879409e-02
1.584893192461110840e+12 -2.700737932098185717e-02 -1.107738427234545575e-01 2.930871183076516617e-02 -1.666481282804669339e-01 6.699151680677933873e-02 -1.876227975120639269e-01 1.171553186338683689e-01
1.995262314968882812e+12 -2.694410477315148378e-02 -1.016115187765305183e-01 3.871831555783537826e-02 -1.584599694365573241e-01 1.047008001092293167e-01 -2.235401173646720807e-01 1.798123617221869530e-01
2.511886431509582031e+12 2.068148608522102361e-02 -4.440669849884888026e-02 9.911584487091928963e-02 -1.387188995262143565e-01 1.478170724965059135e-01 -1.962486205365325254e-01 1.722011260155011381e-01
3.162277660168379395e+12 4.062749027376612310e-02 -3.051171205538531425e-02 1.208532067242307217e-01 -9.897836081415405107e-02 1.988461708570567199e-01 -1.424277282204025052e-01 2.194931567084543456e-01
