# M200c[Msun] <corr> corr+ corr- corr++ corr-- corr+++ corr---
1.000000000000000000e+11 5.848731216803242372e-01 5.838055339902157304e-01 5.862368309762987506e-01 5.823872176980178228e-01 5.870006806473629934e-01 5.822266625608888413e-01 5.876365808030155069e-01
1.258925411794166107e+11 5.956305176721206074e-01 5.945691203118844692e-01 5.968840718318393357e-01 5.935774964929887432e-01 5.980673267950400440e-01 5.928721855802411289e-01 5.982934633107908073e-01
1.584893192461110840e+11 6.077520450839901667e-01 6.066744197893360058e-01 6.087110517028009316e-01 6.057402104355649186e-01 6.102747060139532831e-01 6.046457642106548569e-01 6.112521914449997595e-01
1.995262314968882751e+11 6.194631923699076559e-01 6.185561408127432381e-01 6.208360797777311424e-01 6.169344819790574252e-01 6.221604929490435199e-01 6.159087713774199502e-01 6.230557566942053205e-01
2.511886431509582214e+11 6.303530996880093440e-01 6.287849594943378806e-01 6.315186771359448947e-01 6.277412055949140868e-01 6.330640222361532121e-01 6.268304944964547820e-01 6.338019294684197336e-01
3.162277660168379517e+11 6.388341599271984972e-01 6.377658407986780409e-01 6.406245656829200330e-01 6.355150748423143980e-01 6.419174648841905473e-01 6.331299843696597263e-01 6.432806489270825878e-01
3.981071705534969482e+11 6.452432378616550501e-01 6.434863655846564390e-01 6.466756032786284969e-01 6.422067052769226958e-01 6.485240131762159965e-01 6.411609437078378271e-01 6.494570635415941595e-01
5.011872336272714844e+11 6.488859445126160530e-01 6.470349080526722751e-01 6.510510178416666349e-01 6.453703582063765598e-01 6.523561965043953581e-01 6.445713913025724606e-01 6.527113370795742942e-01
6.309573444801943359e+11 6.512560628737467106e-01 6.488032191484605082e-01 6.535457582416324129e-01 6.469680312009807865e-01 6.546800078119929811e-01 6.449696137064732104e-01 6.560461899202789660e-01
7.943282347242821045e+11 6.522051998980897825e-01 6.494826255426119355e-01 6.544923656608546692e-01 6.463013812892992593e-01 6.554414037001274895e-01 6.455356959573165243e-01 6.563121621678998929e-01
1.000000000000000000e+12 6.512901630122888141e-01 6.487290073041728222e-01 6.536846940559193353e-01 6.459405586281438127e-01 6.560568589618220869e-01 6.449520800187866776e-01 6.595760661913464551e-01
1.258925411794166260e+12 6.488950375124896697e-01 6.460506182507382844e-01 6.527980699256271668e-01 6.436625712405836808e-01 6.548678059088686165e-01 6.432369384114513533e-01 6.567608989495015148e-01
1.584893192461110840e+12 6.464901631738604326e-01 6.429936087053209626e-01 6.496730711293229321e-01 6.392113735451377954e-01 6.521696466087987254e-01 6.367736366708268703e-01 6.536497293483732873e-01
1.995262314968882812e+12 6.431503216939958856e-01 6.403039803196882707e-01 6.465123153550699220e-01 6.371568114153538520e-01 6.501769695073007505e-01 6.349648031664391068e-01 6.523800095679549438e-01
2.511886431509582031e+12 6.395698352521929086e-01 6.358538793707337877e-01 6.439820074121023197e-01 6.318225635072336477e-01 6.484640516758702899e-01 6.296194967891839411e-01 6.528225124991353656e-01
3.162277660168379395e+12 6.370062943281431522e-01 6.327853737110059607e-01 6.409787064995745576e-01 6.280319782825241059e-01 6.469112274334862800e-01 6.231971117392883786e-01 6.491085746389692046e-01
3.981071705534969238e+12 6.334561558718408980e-01 6.290082999634382110e-01 6.384851466140474274e-01 6.203717095824556882e-01 6.430621201494814976e-01 6.181515012810989695e-01 6.439604966382690421e-01
5.011872336272714844e+12 6.302990430293471391e-01 6.255732551354579174e-01 6.347520477316409560e-01 6.185675088827299328e-01 6.396895399008541983e-01 6.135837176603454735e-01 6.424287865083888605e-01
6.309573444801942383e+12 6.263007398240315604e-01 6.208646619469313510e-01 6.319796339990884082e-01 6.150934294427918836e-01 6.363444679736665055e-01 6.126620472952321039e-01 6.414032094071802081e-01
7.943282347242821289e+12 6.204523426615168313e-01 6.141467220532913496e-01 6.285856552528470420e-01 6.083974514391832233e-01 6.336104387696244178e-01 6.058198679832451639e-01 6.361935098985894710e-01
1.000000000000000000e+13 6.124973142057941189e-01 6.044919315358541212e-01 6.206441288741912921e-01 5.980546974214695499e-01 6.269256168490318082e-01 5.881516732627867228e-01 6.330051416916393503e-01
1.258925411794166211e+13 6.061819008970072975e-01 5.975012707697213710e-01 6.160971741820945313e-01 5.883598782337973176e-01 6.234793139060627043e-01 5.823319028299404065e-01 6.402614209115983224e-01
1.584893192461110938e+13 6.010225782035802933e-01 5.926314826792310475e-01 6.108687698487764717e-01 5.814398680901267102e-01 6.180806720752711758e-01 5.759182421791267936e-01 6.266845123768859382e-01
1.995262314968882812e+13 5.973345666025746681e-01 5.865992346192335782e-01 6.104301550741640936e-01 5.707171269245174816e-01 6.190819665391226190e-01 5.643217241254682159e-01 6.223957563355828615e-01
2.511886431509582031e+13 5.937863204003999140e-01 5.802384925525325698e-01 6.044231807415596514e-01 5.648104960477359215e-01 6.123374383019132283e-01 5.548496068080098764e-01 6.151404921840281093e-01
3.162277660168379297e+13 5.888487803934887577e-01 5.732677638963132871e-01 6.039107611590760483e-01 5.606241073820448229e-01 6.209004953487866629e-01 5.543883061595243911e-01 6.286071206428170965e-01
3.981071705534969531e+13 5.836873311600883074e-01 5.647446172899145411e-01 6.050593423426597894e-01 5.468651045366610397e-01 6.224936293839613555e-01 5.309824191952509098e-01 6.289190065025164200e-01
5.011872336272714844e+13 5.866847184631445167e-01 5.670387351783291452e-01 6.002471998850132939e-01 5.372659539700801457e-01 6.181868097479874535e-01 5.257472999330479180e-01 6.386452943898778267e-01
6.309573444801942969e+13 5.881574954875008476e-01 5.651449904092884502e-01 6.061971813115354379e-01 5.389197794390315766e-01 6.249600708420957051e-01 5.293556043653313559e-01 6.379866129031769306e-01
7.943282347242821875e+13 5.783874091562836162e-01 5.514770644817801326e-01 6.042080834884554497e-01 5.077917412882625436e-01 6.311822433067495464e-01 5.021037514077369979e-01 6.537213723783080743e-01
1.000000000000000000e+14 5.621077853074221142e-01 5.316015166811456361e-01 5.933295220370471412e-01 5.012883665253135002e-01 6.275873422298205995e-01 4.754758166386584550e-01 6.491086838890661737e-01
1.258925411794166250e+14 5.455584404257375342e-01 5.059750278052363992e-01 5.812449709697018463e-01 4.711071398265543886e-01 6.131153306324725882e-01 4.508208530143639203e-01 6.339056089534242933e-01
1.584893192461110938e+14 5.085799777891477635e-01 4.617211956648484827e-01 5.563326185497389220e-01 4.274464982659747503e-01 5.961143305930477476e-01 4.148714090110190433e-01 6.393602270842445590e-01
1.995262314968882812e+14 4.890868446410401305e-01 4.296787649393594144e-01 5.518837839381313115e-01 3.700892277511940165e-01 5.847547004907749368e-01 3.480626614303762301e-01 6.083143363191828579e-01
2.511886431509582188e+14 4.692437338033266236e-01 3.978474435270784593e-01 5.309203101750312737e-01 3.482883317227000175e-01 5.908955488741554074e-01 3.274432764163459630e-01 6.280864489186508415e-01
3.162277660168379375e+14 4.877575643623046631e-01 3.952448357864415396e-01 5.647957908968052054e-01 3.247580597877541830e-01 6.290434173079455515e-01 3.192301193756157396e-01 6.577042971945253891e-01
