# M200c[Msun] <corr> corr+ corr- corr++ corr-- corr+++ corr---
1.000000000000000000e+09 -3.395224876563205374e-01 -3.424848976697323910e-01 -3.354930315754693915e-01 -3.478206729504093042e-01 -3.329509411168982136e-01 -3.492543506508509754e-01 -3.301358746135890643e-01
1.258925411794166088e+09 -3.448990869563410833e-01 -3.484913924656448669e-01 -3.411301386606558350e-01 -3.528604472824046212e-01 -3.384673939934051967e-01 -3.553955127812277737e-01 -3.372534475272745969e-01
1.584893192461110830e+09 -3.501709211980755243e-01 -3.529602485186275618e-01 -3.466049769586385110e-01 -3.557665452312718246e-01 -3.419943535157396464e-01 -3.568183954557936355e-01 -3.381600897023353536e-01
1.995262314968882799e+09 -3.569567478211050915e-01 -3.610709710402386641e-01 -3.521393217486784577e-01 -3.648026373801941391e-01 -3.490821587873056409e-01 -3.681193721440454980e-01 -3.469986740216866594e-01
2.511886431509582043e+09 -3.626127045331238863e-01 -3.663628067357874163e-01 -3.586905914787236194e-01 -3.721423490427183123e-01 -3.555271574613753649e-01 -3.752894641796507003e-01 -3.519518214544060664e-01
3.162277660168379307e+09 -3.681804263939394417e-01 -3.737644376752714548e-01 -3.630472773292162669e-01 -3.789237673353079705e-01 -3.580706806028650657e-01 -3.822484306947721566e-01 -3.548705884997456206e-01
3.981071705534969330e+09 -3.715958811491268943e-01 -3.755643765399481748e-01 -3.657328278221311790e-01 -3.816996502169673899e-01 -3.598456418385821975e-01 -3.870726619917914668e-01 -3.568330165543438515e-01
5.011872336272714615e+09 -3.721013631051001136e-01 -3.786286373886065815e-01 -3.654075459690485084e-01 -3.842375451517760498e-01 -3.602086064582795677e-01 -3.851843043330987482e-01 -3.583527243996713629e-01
6.309573444801942825e+09 -3.729036827211083538e-01 -3.805470121306830933e-01 -3.648029468299885392e-01 -3.849498678362670567e-01 -3.588202230601394982e-01 -3.860593142835523350e-01 -3.545380790298771623e-01
7.943282347242821693e+09 -3.737229114649025519e-01 -3.812796894221119337e-01 -3.666950776787749056e-01 -3.870548466118699515e-01 -3.593713456499897374e-01 -3.935800828445872868e-01 -3.528008093880466434e-01
1.000000000000000000e+10 -3.759085327688941880e-01 -3.852380862447333243e-01 -3.685863301463459529e-01 -3.916240903541298168e-01 -3.625550216017283667e-01 -4.001488894192971046e-01 -3.577374299172816907e-01
1.258925411794166183e+10 -3.812286673284113192e-01 -3.895123195983819508e-01 -3.704492260078838806e-01 -4.002245328118493317e-01 -3.597415459994048881e-01 -4.035186653653982658e-01 -3.517876324246627107e-01
1.584893192461110878e+10 -3.872833657594023649e-01 -3.967263260355424204e-01 -3.757086207796812016e-01 -4.079679507307292230e-01 -3.650926364250040024e-01 -4.124313512381087010e-01 -3.610082254893249853e-01
1.995262314968882751e+10 -3.907765552061142067e-01 -4.027257520038773908e-01 -3.788905007288618787e-01 -4.099893360798549380e-01 -3.677187672764838378e-01 -4.159156386559803020e-01 -3.595514755465366030e-01
2.511886431509582138e+10 -3.941543937735402792e-01 -4.067949527769535445e-01 -3.814672504514545204e-01 -4.169226454401843140e-01 -3.661525663284179721e-01 -4.418595885283015390e-01 -3.556242730051180079e-01
3.162277660168379211e+10 -3.986792936943145405e-01 -4.111142781453508421e-01 -3.856730437785530485e-01 -4.256265200266444726e-01 -3.777594191267827917e-01 -4.277119559546278538e-01 -3.715654294203104002e-01
3.981071705534969330e+10 -4.002117194058891214e-01 -4.191649618413017531e-01 -3.861889796618223625e-01 -4.348297320417511269e-01 -3.719106886150616020e-01 -4.407448573438759731e-01 -3.524711169508487063e-01
5.011872336272714996e+10 -4.123437422586465617e-01 -4.246012693609311772e-01 -3.917368998491380649e-01 -4.347623236299781313e-01 -3.779556453590482423e-01 -4.415592825954908207e-01 -3.755579928219581198e-01
6.309573444801942444e+10 -4.233950085003000963e-01 -4.368164268225268598e-01 -4.060986935145546317e-01 -4.533737483970106119e-01 -3.893009832898581268e-01 -4.593457642986651379e-01 -3.752194815116615123e-01
7.943282347242822266e+10 -4.420677153391245895e-01 -4.587169556510483082e-01 -4.225678398411727432e-01 -4.844852451614320987e-01 -4.116983501318985939e-01 -4.922657879503266054e-01 -3.865317479833786929e-01
1.000000000000000000e+11 -4.621787493840061600e-01 -4.820825862721246358e-01 -4.422979975373136363e-01 -5.042240678378225871e-01 -4.240165012667509448e-01 -5.252881133510476364e-01 -4.029141867139711675e-01
1.258925411794166107e+11 -4.867634857206398769e-01 -5.067190460204434865e-01 -4.642058354551067412e-01 -5.234843730441467446e-01 -4.503497190946589290e-01 -5.299785175828088946e-01 -4.152545754300883685e-01
1.584893192461110840e+11 -5.117172709779381767e-01 -5.314190982526918461e-01 -4.828230619048309302e-01 -5.554368146013410890e-01 -4.584257768542510103e-01 -5.630966744521975764e-01 -4.471068697519455237e-01
1.995262314968882751e+11 -5.232638461672232122e-01 -5.462394473199466693e-01 -5.003947614582789916e-01 -5.619237370405933962e-01 -4.639649746078269299e-01 -5.702024442867108522e-01 -4.476058343560699870e-01
2.511886431509582214e+11 -5.295878982339481400e-01 -5.579250248959364278e-01 -5.028234059111502674e-01 -5.854852186335601782e-01 -4.759292267319593095e-01 -5.935262423637485130e-01 -4.687978205989941083e-01
3.162277660168379517e+11 -5.237321730546484755e-01 -5.527058476872503956e-01 -4.911700212941515487e-01 -5.873792427133993632e-01 -4.623240741785897834e-01 -5.950976392391744696e-01 -4.529698925757930650e-01
3.981071705534969482e+11 -5.027728725618667571e-01 -5.483264995062449021e-01 -4.615503761261685600e-01 -5.865675048716318951e-01 -4.190026452672316881e-01 -6.059644213106726296e-01 -3.835802216653371177e-01
5.011872336272714844e+11 -4.859175909329451759e-01 -5.169560390856111631e-01 -4.478908648151769811e-01 -5.519536655542890413e-01 -4.159415493023828070e-01 -5.981500311489480470e-01 -4.020823254483565923e-01
6.309573444801943359e+11 -4.796733992180730599e-01 -5.148522635909648093e-01 -4.353200593749974590e-01 -5.347779992846478647e-01 -3.981854678954985793e-01 -5.605622191818062650e-01 -3.900578268357310918e-01
7.943282347242821045e+11 -4.854301538119801807e-01 -5.112778831236496346e-01 -4.505569403705518283e-01 -5.515290396787082550e-01 -4.244414889432328031e-01 -5.621402159889460348e-01 -3.937329875776914290e-01
1.000000000000000000e+12 -4.819254197476756096e-01 -5.280085460370551598e-01 -4.441440239352963393e-01 -5.643136576771914381e-01 -4.257395619014320287e-01 -5.931462546521978352e-01 -4.041995223445966068e-01
1.258925411794166260e+12 -5.018833689682558052e-01 -5.537917549596247380e-01 -4.526229134421812517e-01 -5.885320510291621732e-01 -4.004127556869204185e-01 -6.060812177120098454e-01 -3.524081824590752920e-01
1.584893192461110840e+12 -5.036903319601260254e-01 -5.643333769276954737e-01 -4.533199185288269151e-01 -6.090375587500898025e-01 -4.068697661870609439e-01 -6.169139790511271038e-01 -3.849760038377265658e-01
1.995262314968882812e+12 -4.967478265738474175e-01 -5.559284649657516564e-01 -4.328414797213467891e-01 -6.127426845403238787e-01 -3.815937475481033792e-01 -6.875091408027824702e-01 -3.199084226184837898e-01
2.511886431509582031e+12 -4.890086008135789419e-01 -5.426179898829861514e-01 -4.198249216125565786e-01 -6.041208595354470301e-01 -3.580572926228587916e-01 -6.266627288627336645e-01 -2.986034229496486447e-01
3.162277660168379395e+12 -4.918434751546560957e-01 -5.603055735775706037e-01 -4.188945709667019068e-01 -6.151847950735680470e-01 -3.430564024406455026e-01 -6.724696906094866922e-01 -2.732248114536117711e-01
