# M200c[Msun] <corr> corr+ corr- corr++ corr-- corr+++ corr---
1.000000000000000000e+10 5.692585112100613243e-01 5.665117725236997748e-01 5.717305189703318913e-01 5.643437526892334244e-01 5.742934299319601976e-01 5.635705503401550187e-01 5.745761595921670128e-01
1.258925411794166183e+10 5.814673580351764626e-01 5.794642405219838643e-01 5.842232419451296455e-01 5.774906774458621328e-01 5.863957310995975281e-01 5.761200624215985222e-01 5.871753056151872707e-01
1.584893192461110878e+10 5.955463831353857707e-01 5.932682773476999349e-01 5.974050536312410786e-01 5.914977357165194238e-01 5.996143945988904322e-01 5.907073609895638899e-01 6.024247480974161961e-01
1.995262314968882751e+10 6.111712667020654521e-01 6.085457243147645023e-01 6.137679143555095918e-01 6.070001148588879403e-01 6.164521183717295294e-01 6.055387123490884038e-01 6.169093604441475698e-01
2.511886431509582138e+10 6.261666383107762357e-01 6.238588071136088598e-01 6.281514723180849913e-01 6.207166937619842395e-01 6.309636352353180655e-01 6.194093208022851682e-01 6.322922423445642703e-01
3.162277660168379211e+10 6.399870913226698432e-01 6.367874345259263436e-01 6.432579356559554595e-01 6.339635378053147807e-01 6.455623118741762312e-01 6.327057256742231184e-01 6.479519630940245856e-01
3.981071705534969330e+10 6.506196384239919528e-01 6.478429296162648843e-01 6.536708569273500524e-01 6.448362238103932942e-01 6.556941741389754608e-01 6.419001233527577011e-01 6.564852202173143692e-01
5.011872336272714996e+10 6.586297293598425417e-01 6.543560452056561560e-01 6.624358100676778216e-01 6.518380353695008012e-01 6.656993630664480577e-01 6.503534653869250670e-01 6.670613960799535169e-01
6.309573444801942444e+10 6.644433497901764962e-01 6.617281080380316149e-01 6.678498506239269883e-01 6.595819670233067367e-01 6.715691999475844609e-01 6.591920673193931712e-01 6.733896439461605210e-01
7.943282347242822266e+10 6.689380890636570376e-01 6.642193207459637927e-01 6.720128675612702107e-01 6.577540074943617476e-01 6.765803249588793200e-01 6.561201514539587443e-01 6.793674639823595873e-01
1.000000000000000000e+11 6.712818495994784529e-01 6.672408543127187341e-01 6.760991908524250915e-01 6.623883682394240413e-01 6.789416375505146206e-01 6.619120023950502141e-01 6.812070537984715735e-01
1.258925411794166107e+11 6.728238011385965223e-01 6.689169480775232213e-01 6.775751580184983247e-01 6.661478815813257626e-01 6.814108591709029383e-01 6.646669740382570302e-01 6.832648510771618389e-01
1.584893192461110840e+11 6.720102447663773848e-01 6.679171783417426900e-01 6.764648319917490049e-01 6.612655604710873103e-01 6.824896274539683505e-01 6.593761138741434102e-01 6.840813182973557449e-01
1.995262314968882751e+11 6.713769244352432164e-01 6.660628488688823401e-01 6.766190458207339553e-01 6.611788017243986904e-01 6.822185406993606094e-01 6.549824182738891443e-01 6.880224701919597230e-01
2.511886431509582214e+11 6.693104375817773288e-01 6.643282817674954766e-01 6.761563843515521199e-01 6.579547216970602630e-01 6.827295183412296353e-01 6.554184009296633029e-01 6.871615433473360346e-01
3.162277660168379517e+11 6.664552337287932282e-01 6.603859710055890453e-01 6.724840365178308410e-01 6.494564388325807514e-01 6.830537260547639988e-01 6.442964690912769132e-01 6.889714802103870106e-01
3.981071705534969482e+11 6.632610595033235912e-01 6.575787963166533912e-01 6.710318101642385180e-01 6.503669554640045813e-01 6.783140172464057205e-01 6.440913487320347741e-01 6.831238538738422239e-01
5.011872336272714844e+11 6.613574905960731831e-01 6.532223876703433518e-01 6.692400263122540993e-01 6.466623891460732132e-01 6.787303274875776671e-01 6.426027388981905286e-01 6.852225052367048042e-01
6.309573444801943359e+11 6.588484567982104689e-01 6.490680108238263690e-01 6.675058592820699577e-01 6.399757691669585302e-01 6.724975863810442878e-01 6.258367055321784056e-01 6.734357150905725398e-01
7.943282347242821045e+11 6.556070622615794985e-01 6.418972636518742725e-01 6.646943584778832737e-01 6.275390084648133637e-01 6.755376758237534585e-01 6.246472367277212667e-01 6.883695569396726111e-01
1.000000000000000000e+12 6.470887237822241511e-01 6.335769389312215782e-01 6.612542149016105153e-01 6.212378458387235458e-01 6.708693531537576193e-01 6.188487856002470311e-01 6.816759801135410246e-01
1.258925411794166260e+12 6.422917457241681394e-01 6.254459989122238550e-01 6.575219279342998657e-01 6.056490782979869758e-01 6.717492905456854402e-01 6.028502687917434155e-01 6.731820605501822596e-01
1.584893192461110840e+12 6.360057472944864454e-01 6.167032737797698561e-01 6.539613741303276218e-01 6.030835241121376145e-01 6.690850493607276572e-01 5.897084908202014919e-01 6.708009572234737705e-01
1.995262314968882812e+12 6.302845202285252135e-01 6.112874821425640093e-01 6.494793410395247601e-01 5.946874281352498848e-01 6.654422680036631288e-01 5.457343857708819579e-01 6.692705767978822662e-01
2.511886431509582031e+12 6.317668778321119394e-01 6.075997131017903952e-01 6.489064490403217977e-01 5.941784436892771915e-01 6.727836489661365160e-01 5.837135390545007407e-01 6.813846490858094240e-01
3.162277660168379395e+12 6.316862684001376405e-01 6.093850870537665942e-01 6.520705048245736268e-01 5.943220054037723354e-01 6.690467781865885311e-01 5.718319628820979217e-01 6.787600027391215152e-01
3.981071705534969238e+12 6.306996923845256120e-01 6.105889500735631747e-01 6.483304867667114557e-01 5.929273257396159291e-01 6.627847311032462052e-01 5.737381718992361490e-01 6.698035901480617893e-01
5.011872336272714844e+12 6.331507938060049190e-01 6.140112677433472443e-01 6.551395361880175683e-01 5.937609620941919353e-01 6.736050019841111069e-01 5.702442828019020915e-01 6.756754772351188931e-01
6.309573444801942383e+12 6.375170314364833057e-01 6.107729105236447964e-01 6.695364978777578191e-01 5.866757409061725825e-01 7.021620151109170260e-01 5.728605231723780111e-01 7.112880561342339591e-01
7.943282347242821289e+12 6.538604316326510624e-01 6.195074677525369555e-01 6.764184595583331294e-01 5.834352051245941251e-01 7.127022600397026064e-01 5.547208408086468090e-01 7.187781264377876012e-01
1.000000000000000000e+13 6.493938442839380931e-01 6.216444215963523590e-01 6.818465884352320483e-01 5.784725282841870486e-01 6.997394592444243777e-01 5.621291161436302586e-01 7.231995200579597327e-01
1.258925411794166211e+13 6.331914679388791489e-01 6.008823852977372981e-01 6.711989572642153012e-01 5.549285816511271285e-01 6.953532988703241546e-01 5.080419345226773187e-01 7.191515509459426303e-01
1.584893192461110938e+13 6.110184006995034167e-01 5.380232402899707278e-01 6.661328971064205406e-01 4.876816551681085743e-01 6.867119074785463795e-01 4.532746889231240583e-01 7.348914385690841211e-01
1.995262314968882812e+13 5.656932519223112354e-01 4.855492309056702593e-01 6.284736805749382427e-01 4.240678363050454092e-01 6.806332345244261450e-01 3.624696595849522529e-01 6.938808585428668518e-01
2.511886431509582031e+13 5.323935951882463602e-01 4.671731439616842452e-01 6.112082164969736553e-01 3.566153507372161191e-01 6.699989690305157009e-01 2.880429924689535404e-01 6.863018950750513492e-01
