# M200c[Msun] <corr> corr+ corr- corr++ corr-- corr+++ corr---
1.000000000000000000e+10 2.390018672252035015e-01 2.189258749227766254e-01 2.560306089655638440e-01 2.060865598080701688e-01 2.875133227086542065e-01 1.962653388049911962e-01 2.988711207255634883e-01
1.258925411794166183e+10 2.456727568067698653e-01 2.287887296295444683e-01 2.636972161523187252e-01 2.083921633485991409e-01 2.744990563458759580e-01 1.963284414372910847e-01 2.868116479668038066e-01
1.584893192461110878e+10 2.526072371262076954e-01 2.372910720337816082e-01 2.732690836187939842e-01 2.213250092949300696e-01 2.913997806984777172e-01 1.959568803814875637e-01 3.144725277828102628e-01
1.995262314968882751e+10 2.720156949360442722e-01 2.460667458816283015e-01 2.928110372269622230e-01 2.298911448779180078e-01 3.233030505853081715e-01 2.107463812762118138e-01 3.266389956725349597e-01
2.511886431509582138e+10 2.994449542129369313e-01 2.762831582271690900e-01 3.275863151947622232e-01 2.555053713135106430e-01 3.419624114922598102e-01 2.472339434715001283e-01 3.615369662811049323e-01
3.162277660168379211e+10 3.289968224421584431e-01 2.945394113119420010e-01 3.727350704499822753e-01 2.615879047070804320e-01 4.118244565299521431e-01 2.447179120993535628e-01 4.415042796399022973e-01
3.981071705534985352e+10 3.849941147351800819e-01 3.453512805125444896e-01 4.262652109382353838e-01 3.011847964119251375e-01 4.827952042388579668e-01 2.850080740212135311e-01 5.010232580437489203e-01
5.011872336272734833e+10 4.325058538685974119e-01 3.785313304182925109e-01 4.773342036032057201e-01 3.386591079430958939e-01 5.038240121233616975e-01 3.100086644672152003e-01 5.240043144880723869e-01
6.309573444801942444e+10 4.697582066941946577e-01 4.065528094924301117e-01 5.305483060814192298e-01 3.562861889303111651e-01 6.042175282553950977e-01 2.526186970565007517e-01 6.257401565060463078e-01
