# M200c[Msun] <corr> corr+ corr- corr++ corr-- corr+++ corr---
1.000000000000000000e+09 -2.857990197111038855e-01 -3.134486438316573809e-01 -2.653564014868070031e-01 -3.233323768126352693e-01 -2.374551199019909742e-01 -3.387636553560958164e-01 -2.213529916573050982e-01
1.258925411794166088e+09 -2.706754009209896283e-01 -3.007996741481032132e-01 -2.496153010425445629e-01 -3.178047927480058821e-01 -2.316967567243968518e-01 -3.446482028337868320e-01 -2.152007596591393457e-01
1.584893192461110830e+09 -2.523684021012982948e-01 -2.772340918672837606e-01 -2.208497008353280666e-01 -3.047271037373090463e-01 -2.078717903742441087e-01 -3.115100551503918735e-01 -1.927528842001114961e-01
1.995262314968882799e+09 -2.289091974568600030e-01 -2.626462157790646623e-01 -1.962187104833336970e-01 -2.850275577684270867e-01 -1.740755805570282366e-01 -2.995337674124494143e-01 -1.625670132813277768e-01
2.511886431509582043e+09 -1.954123225592220015e-01 -2.314384605996513689e-01 -1.593983218462017848e-01 -2.655239968508670834e-01 -1.266408624486782819e-01 -2.702577555839547063e-01 -1.109114322698229599e-01
3.162277660168379307e+09 -1.518369471038945040e-01 -1.967344068477419883e-01 -1.183049943341658167e-01 -2.392243965256247995e-01 -8.915943215585651893e-02 -2.551033282165949823e-01 -7.423625948746731540e-02
3.981071705534985542e+09 -1.221339690128842581e-01 -1.579455020247423069e-01 -7.246989697631855964e-02 -2.142674156541595210e-01 -3.175261500079207266e-02 -2.296194854572586319e-01 8.106540343315121744e-03
5.011872336272735596e+09 -8.481959166814348472e-02 -1.378119556603249196e-01 -2.269393526423178417e-02 -2.086923521083502153e-01 3.203904505459592711e-02 -2.181262839104971540e-01 1.048710958641649593e-01
6.309573444801942825e+09 -7.754522408304420633e-02 -1.522320818425232092e-01 -6.451179918437161855e-03 -2.468340123670435260e-01 3.873990833149812407e-02 -2.944086962172743904e-01 1.214960925465665142e-01
