# M200c[Msun] <corr> corr+ corr- corr++ corr-- corr+++ corr---
1.000000000000000000e+10 -2.313746867094582660e-01 -2.574938543777970934e-01 -2.072520440229254912e-01 -2.918943417592315681e-01 -1.885764491331590742e-01 -3.080105037469041962e-01 -1.609255786164600077e-01
1.258925411794166183e+10 -2.383382541533158316e-01 -2.597718212840890994e-01 -2.149950534956633352e-01 -2.780849855663043435e-01 -1.876699401296039738e-01 -2.886721350980043233e-01 -1.707613975171660137e-01
1.584893192461110878e+10 -2.405186194467724969e-01 -2.646700984803532219e-01 -2.092607722320293517e-01 -2.905699880803205293e-01 -1.907468387079832017e-01 -3.140868054945312737e-01 -1.730509097848229871e-01
1.995262314968882751e+10 -2.483777120801839156e-01 -2.792878675606097483e-01 -2.191968306875432815e-01 -3.134284800540276250e-01 -1.836747625350275692e-01 -3.277912544592733735e-01 -1.543633155654178524e-01
2.511886431509582138e+10 -2.446997574927559649e-01 -2.810512402523059339e-01 -2.165923803501087486e-01 -3.122820340863177169e-01 -1.766598334752983446e-01 -3.302927031725837459e-01 -1.523988699541105052e-01
3.162277660168379211e+10 -2.390907581264755666e-01 -2.841254550479470065e-01 -1.914141223472548003e-01 -3.078896512459624590e-01 -1.582963274662634312e-01 -3.585774030974696602e-01 -1.328502782188404896e-01
3.981071705534985352e+10 -2.014240340836002119e-01 -2.662676201579134427e-01 -1.466110664724310231e-01 -3.195386232361377421e-01 -1.045774563608474761e-01 -3.538716590707032816e-01 -6.028673658735519969e-02
5.011872336272734833e+10 -1.941794436443208260e-01 -2.527304029943537866e-01 -1.137104509081646869e-01 -3.495589915878816178e-01 -2.339109749377592945e-02 -3.990575480638856032e-01 -1.123626131098556975e-02
6.309573444801942444e+10 -1.520749867025416868e-01 -2.796631975082768395e-01 -4.824322141119299218e-02 -3.497726259264917759e-01 3.894836051514234676e-02 -3.518497565886309353e-01 5.082816658236114643e-02
