# M200c[Msun] <corr> corr+ corr- corr++ corr-- corr+++ corr---
1.000000000000000000e+09 5.983943531879276634e-01 5.955316120760438814e-01 6.009906873738320998e-01 5.936128209484901053e-01 6.036349341861622086e-01 5.929169925160351351e-01 6.038546523864752880e-01
1.258925411794166088e+09 6.085669415110046554e-01 6.058939233606789321e-01 6.107948598301597976e-01 6.039938450603867803e-01 6.128360908105658922e-01 6.032026394172789185e-01 6.143338260407932294e-01
1.584893192461110830e+09 6.193262199778486465e-01 6.171824325925854282e-01 6.226789943989669007e-01 6.145562448490465846e-01 6.243021239096673280e-01 6.125317027985184293e-01 6.250271287004036669e-01
1.995262314968882799e+09 6.307975470948465890e-01 6.274948899438614891e-01 6.332772990753995357e-01 6.248501366987420091e-01 6.355311176010097762e-01 6.227183644547439334e-01 6.374686639931539389e-01
2.511886431509582043e+09 6.410184186317262611e-01 6.382644301537642173e-01 6.436151472454690881e-01 6.355598928331971376e-01 6.465178539714691031e-01 6.340200623025853410e-01 6.493739345142685027e-01
3.162277660168379307e+09 6.512075065075080271e-01 6.480853659037535408e-01 6.545535575642298376e-01 6.453274833652065112e-01 6.563354281898893250e-01 6.421869535868163226e-01 6.578585272479819945e-01
3.981071705534969330e+09 6.614934012713742373e-01 6.575757009539020537e-01 6.652924162031319533e-01 6.542886876635951587e-01 6.675637640592296806e-01 6.529660332147416701e-01 6.682248973653478474e-01
5.011872336272714615e+09 6.709528754885946134e-01 6.676948741660915232e-01 6.746667140591598999e-01 6.647163645290257161e-01 6.786749587477673984e-01 6.638120248822667602e-01 6.794528729465961758e-01
6.309573444801942825e+09 6.806278450338717478e-01 6.769886224445460510e-01 6.848991263775887628e-01 6.731761554643569401e-01 6.877014986766882831e-01 6.714096946429850554e-01 6.924631615047399658e-01
7.943282347242821693e+09 6.886419507284183839e-01 6.841845934539169116e-01 6.935997212339826135e-01 6.805756701735370395e-01 6.972620579502433191e-01 6.801345625500921921e-01 6.976583510571269242e-01
1.000000000000000000e+10 6.974494411151817008e-01 6.911523877198003651e-01 7.025580692751205447e-01 6.882079197692235750e-01 7.058678216862553922e-01 6.856190707770772885e-01 7.144364242025764700e-01
1.258925411794166183e+10 7.036175701367541890e-01 6.983601696411216864e-01 7.088354551683888616e-01 6.932973279754334195e-01 7.123576891681977497e-01 6.863230819997150345e-01 7.155690895499450255e-01
1.584893192461110878e+10 7.067782042691694855e-01 7.013512997530468862e-01 7.121178603236136828e-01 6.967834844023164109e-01 7.183424009673077260e-01 6.957682769708988246e-01 7.204882509947507785e-01
1.995262314968882751e+10 7.074377623878121968e-01 7.018005439716953342e-01 7.157488363524880937e-01 6.969147835815798775e-01 7.210562690643211869e-01 6.921692853813654622e-01 7.245186932522391654e-01
2.511886431509582138e+10 7.081893797211371577e-01 6.999481985480725532e-01 7.152866132066570959e-01 6.952283726842707345e-01 7.214423465946682157e-01 6.927323600656802860e-01 7.256486785077274071e-01
3.162277660168379211e+10 7.083636863562440267e-01 7.003310934398582210e-01 7.165370427981681001e-01 6.956655820866084472e-01 7.235879329730811049e-01 6.928749232562465554e-01 7.271598808596705377e-01
3.981071705534969330e+10 7.088910424273343613e-01 6.997198701996034664e-01 7.179599699590074602e-01 6.914849362586157344e-01 7.233035595466728029e-01 6.844446900418709179e-01 7.260490702784097028e-01
5.011872336272714996e+10 7.080764586847407838e-01 6.985843628588923604e-01 7.175713490242875414e-01 6.895863173408345315e-01 7.260673396932446622e-01 6.804013547783951399e-01 7.288132714330480821e-01
6.309573444801942444e+10 7.023542881676463345e-01 6.905594308860710795e-01 7.128228886446612567e-01 6.787391572627566871e-01 7.217100551577562140e-01 6.728784515657497689e-01 7.284117688109816857e-01
7.943282347242822266e+10 6.982594913102555534e-01 6.840598456287048101e-01 7.081222834771365715e-01 6.676222231139626873e-01 7.185116819357701967e-01 6.606711662022365372e-01 7.203697475853818588e-01
1.000000000000000000e+11 6.880536086996723588e-01 6.760323230515374870e-01 7.003846518677706579e-01 6.608218834281849308e-01 7.109061380559664745e-01 6.529532632282962767e-01 7.248527173902623577e-01
1.258925411794166107e+11 6.799402840670685233e-01 6.622193882733308223e-01 6.990903221358473196e-01 6.418696539263755163e-01 7.144335075328600571e-01 6.385084479558276183e-01 7.185863872826523391e-01
1.584893192461110840e+11 6.755874928627182419e-01 6.545236260976804443e-01 6.952249244607938694e-01 6.358849422435853826e-01 7.188712582820493413e-01 6.217706500204597253e-01 7.236732988404648292e-01
1.995262314968882751e+11 6.744581332489436587e-01 6.471273182855372674e-01 6.948273262263207073e-01 6.235437589240817591e-01 7.091271319325331834e-01 6.150614350821328458e-01 7.133219533772732213e-01
2.511886431509582214e+11 6.879505799258470722e-01 6.581676952447637063e-01 7.177204523302602723e-01 6.337838906810229211e-01 7.345716075542483292e-01 6.223087466403717238e-01 7.501445637565493652e-01
3.162277660168379517e+11 6.903728389781574881e-01 6.647671436193134387e-01 7.214002131317243105e-01 6.426279551946094681e-01 7.355776285234273404e-01 6.261332800724680459e-01 7.537061581407016320e-01
3.981071705534969482e+11 7.088719819783679821e-01 6.833596520008018427e-01 7.284273066266392371e-01 6.534285673671031969e-01 7.492325659571039687e-01 6.395251193829544212e-01 7.550337841975114372e-01
5.011872336272714844e+11 7.144587472476311429e-01 6.835236716454823336e-01 7.378281874376252381e-01 6.655822153336136138e-01 7.667944884831574548e-01 6.541991975129783921e-01 7.900280072615492033e-01
6.309573444801943359e+11 7.097756696372891083e-01 6.827982079181148523e-01 7.352640193483596098e-01 6.647273673795963678e-01 7.551969642974412089e-01 6.594886498207874759e-01 7.682005432506860965e-01
7.943282347242821045e+11 7.030937697384028739e-01 6.825331649303408854e-01 7.260317644449749697e-01 6.561562168051932042e-01 7.500931351423385518e-01 6.168434123634705113e-01 7.623709493107838631e-01
1.000000000000000000e+12 6.994398572830420324e-01 6.754587907522555668e-01 7.267903761955203379e-01 6.544718268491077628e-01 7.446390787092551644e-01 6.370432303967513699e-01 7.545293738363414437e-01
1.258925411794166260e+12 7.048125811543280994e-01 6.710374815426393136e-01 7.258640832221232575e-01 6.262189336330907796e-01 7.438467877124639305e-01 6.034288589335076169e-01 7.667056751104330825e-01
1.584893192461110840e+12 7.111053729582030858e-01 6.764659542113826696e-01 7.407281539718603147e-01 6.334959464487834868e-01 7.614052882669912758e-01 6.150139112310910594e-01 7.847759353870863430e-01
1.995262314968882812e+12 7.121468262743019251e-01 6.663123237734897009e-01 7.478120346596069945e-01 5.998582706548281074e-01 7.947209304407583108e-01 5.689700489268620931e-01 8.126858007362371961e-01
2.511886431509582031e+12 7.036166429670435152e-01 6.469367600781357197e-01 7.437296853437299626e-01 6.072362595039326738e-01 7.854481748866517510e-01 5.778155508465746548e-01 7.968679379022352016e-01
3.162277660168379395e+12 7.026058682437676950e-01 6.339464940588750430e-01 7.651024301353011037e-01 5.426375745747953339e-01 8.002043149597626304e-01 5.163807559870808861e-01 8.199547371153205200e-01
