# M200c[Msun] <corr> corr+ corr- corr++ corr-- corr+++ corr---
1.000000000000000000e+09 1.223786521630381430e-01 9.472798767586068647e-02 1.412327026661209517e-01 7.677358747745641199e-02 1.662710658927706864e-01 5.312584828468838727e-02 1.724270188376259560e-01
1.258925411794166088e+09 1.176078003993921151e-01 9.887304415704807614e-02 1.443779935568342554e-01 7.244046139747342683e-02 1.689162001021857762e-01 6.103331711780303481e-02 1.854943717440292739e-01
1.584893192461110830e+09 1.187207185523818931e-01 9.399481401299628058e-02 1.385981974767471758e-01 7.568305039814268720e-02 1.689227172155306489e-01 5.382543782639953589e-02 1.741726245767583892e-01
1.995262314968882799e+09 1.061471698842275380e-01 8.023286594166223473e-02 1.305557310448184904e-01 5.123618871230013749e-02 1.560899128144257186e-01 1.739049856435235727e-02 1.672519420303262283e-01
2.511886431509582043e+09 9.549372452252946619e-02 6.336947068782296244e-02 1.260197614678132405e-01 3.969095079903965650e-02 1.454956526345986267e-01 1.520894195600123663e-02 1.501913211559233186e-01
3.162277660168379307e+09 5.658967596817344320e-02 1.952451048020131114e-02 1.008754570317647453e-01 -2.534448336630335669e-02 1.275445674179212507e-01 -5.314855361883173007e-02 1.429903574090055640e-01
3.981071705534985542e+09 3.546150577108807267e-02 -1.545255988023724186e-02 8.154136269516841506e-02 -6.302422483338729342e-02 1.459455927783907536e-01 -8.060170912809228039e-02 1.856392279788414701e-01
5.011872336272735596e+09 3.022656511161792015e-02 -2.305689631810176055e-02 1.009626064628501990e-01 -7.130310184451249533e-02 1.484811379402927733e-01 -9.275431572318763862e-02 1.577306514426958239e-01
6.309573444801942825e+09 4.065377451071707643e-02 -2.600619836733516696e-02 8.592290400220752022e-02 -1.172971200351548282e-01 1.388881244638412726e-01 -1.643862605243314456e-01 1.611937817788902383e-01
