# M200c[Msun] <corr> corr+ corr- corr++ corr-- corr+++ corr---
1.000000000000000000e+11 -3.411946842565907190e-01 -3.430512022366780100e-01 -3.393090730886966222e-01 -3.436797413002193879e-01 -3.383003074042498781e-01 -3.455641610780340600e-01 -3.369570601213672245e-01
1.258925411794166107e+11 -3.451632676077474593e-01 -3.468558478305681092e-01 -3.433473054358175958e-01 -3.491109742128755133e-01 -3.419799402335903515e-01 -3.504804214068470980e-01 -3.406604309378467033e-01
1.584893192461110840e+11 -3.501581959937113409e-01 -3.518113816546096229e-01 -3.482300420163449428e-01 -3.534197021304591457e-01 -3.458455989354043414e-01 -3.548323645107910873e-01 -3.451297591222806105e-01
1.995262314968882751e+11 -3.560301345121623662e-01 -3.575295916169851096e-01 -3.541235604983499208e-01 -3.589620232393627708e-01 -3.525010796448564410e-01 -3.600866546674176272e-01 -3.516765106255517748e-01
2.511886431509582214e+11 -3.616445213147210791e-01 -3.638946082036774166e-01 -3.596331631272428053e-01 -3.655182796778646548e-01 -3.580508839217214634e-01 -3.675431404185413586e-01 -3.566790255889435990e-01
3.162277660168379517e+11 -3.667804178587049657e-01 -3.684995080413182023e-01 -3.647822148836238898e-01 -3.702328193953722257e-01 -3.632886012089096006e-01 -3.715497008167247261e-01 -3.609185068296639765e-01
3.981071705534969482e+11 -3.710298646619703544e-01 -3.738409490746063546e-01 -3.680633946792760125e-01 -3.752805876498598314e-01 -3.661727220778004943e-01 -3.769889978410263520e-01 -3.650054616002992858e-01
5.011872336272714844e+11 -3.757099733768035077e-01 -3.782432854467172589e-01 -3.734606896721271441e-01 -3.812593549358979095e-01 -3.705099026925597894e-01 -3.823777683998073607e-01 -3.678370305238797267e-01
6.309573444801943359e+11 -3.794316276134364618e-01 -3.819125620353113759e-01 -3.757411623782234145e-01 -3.840391219686299373e-01 -3.738708440769729080e-01 -3.854779800131936662e-01 -3.726440037509749503e-01
7.943282347242821045e+11 -3.826022813973545267e-01 -3.856191343823092699e-01 -3.791652158060363487e-01 -3.880020372743367418e-01 -3.766805904825010209e-01 -3.893545915489479148e-01 -3.761812397754438209e-01
1.000000000000000000e+12 -3.858106280164438351e-01 -3.887302269448698055e-01 -3.818133618877453950e-01 -3.925289263156938047e-01 -3.781877297067555155e-01 -3.944986669367719911e-01 -3.766414178696605441e-01
1.258925411794166260e+12 -3.871771038795809305e-01 -3.908108855238856538e-01 -3.838569011159336242e-01 -3.942762149937494298e-01 -3.795912630913268471e-01 -3.949445335873608687e-01 -3.771102153862104789e-01
1.584893192461110840e+12 -3.887306149001952815e-01 -3.924324128356018182e-01 -3.842803411593782026e-01 -3.964257438761092933e-01 -3.810462368955829238e-01 -3.967868483751587627e-01 -3.787180805447949994e-01
1.995262314968882812e+12 -3.908728900645298543e-01 -3.953377646692772807e-01 -3.873978587396845752e-01 -3.991832226757152657e-01 -3.832170025592084306e-01 -4.014984865403640746e-01 -3.747937771475715607e-01
2.511886431509582031e+12 -3.927053989180580018e-01 -3.979865273908922974e-01 -3.867371714006181960e-01 -4.011506368538088618e-01 -3.827176739903380698e-01 -4.041987617216936113e-01 -3.784576680180793962e-01
3.162277660168379395e+12 -3.935789838554087927e-01 -3.987159802110586959e-01 -3.865276775723624492e-01 -4.027662773686808695e-01 -3.832327781560130320e-01 -4.041587621845667000e-01 -3.786187304455476688e-01
3.981071705534969238e+12 -3.937746282772289219e-01 -3.993994794065442999e-01 -3.864930430584397891e-01 -4.048532792244555756e-01 -3.808417510479268353e-01 -4.075368580132409102e-01 -3.774998924581890458e-01
5.011872336272714844e+12 -3.909774903589141593e-01 -3.976621225344458832e-01 -3.831029239640416084e-01 -4.020796283946401761e-01 -3.749658765715911390e-01 -4.047458953687956273e-01 -3.692803916806868814e-01
6.309573444801942383e+12 -3.834556179507544460e-01 -3.920153542868131114e-01 -3.769517649863556308e-01 -3.989799387476385406e-01 -3.663386356789314346e-01 -4.077152247939669349e-01 -3.573399909962546861e-01
7.943282347242821289e+12 -3.730146042685569818e-01 -3.827593027066950038e-01 -3.613004259272267205e-01 -3.926929729769085275e-01 -3.535702937993919770e-01 -3.947788999249016717e-01 -3.485758511154706252e-01
1.000000000000000000e+13 -3.613111156183592687e-01 -3.703790981712411501e-01 -3.519286746387682019e-01 -3.806182014715597806e-01 -3.422807961047958925e-01 -3.927742464735290429e-01 -3.393139813017238549e-01
1.258925411794166211e+13 -3.468484002429296775e-01 -3.567450328330996623e-01 -3.357187393690471144e-01 -3.669701949640464811e-01 -3.214063603780920597e-01 -3.758863511949686043e-01 -3.175938498913774000e-01
1.584893192461110938e+13 -3.311757654025861974e-01 -3.484880736855431316e-01 -3.216745751992545199e-01 -3.551837856945417315e-01 -3.089062633040273731e-01 -3.586889893125305151e-01 -3.050231103576760971e-01
1.995262314968882812e+13 -3.298534387729231687e-01 -3.419213427192765997e-01 -3.137585276862812078e-01 -3.619067156979234312e-01 -2.982815439923112155e-01 -3.659234850835085817e-01 -2.818996927123298968e-01
2.511886431509582031e+13 -3.155056166895833236e-01 -3.383448448604071124e-01 -3.031483964894359229e-01 -3.517549302932568289e-01 -2.843500245892316425e-01 -3.609006803280331854e-01 -2.768710008133886125e-01
3.162277660168379297e+13 -3.130607567492859622e-01 -3.348942604457749161e-01 -2.931161580788894661e-01 -3.534986931884492867e-01 -2.752985096149790367e-01 -3.736747888877447465e-01 -2.582109572160343758e-01
3.981071705534969531e+13 -3.122448458025703921e-01 -3.428369556743675051e-01 -2.823571580141771564e-01 -3.576588202979282816e-01 -2.641641659387531371e-01 -3.696866046621594126e-01 -2.543529865003877344e-01
5.011872336272714844e+13 -3.137693898827229599e-01 -3.371085396324121075e-01 -2.896642480850368795e-01 -3.559812007235391151e-01 -2.546591805756476812e-01 -3.726538314376351968e-01 -2.368844939880933587e-01
6.309573444801942969e+13 -3.053847683819028713e-01 -3.418287952017282638e-01 -2.702141334908572667e-01 -3.567811382706970180e-01 -2.488401627932454452e-01 -3.730626596590858046e-01 -2.306439106827993524e-01
7.943282347242821875e+13 -2.890638732675041012e-01 -3.258779477046697126e-01 -2.621870839189697211e-01 -3.592936542685336021e-01 -2.266827153877949974e-01 -3.727476910697989920e-01 -2.010086313812156911e-01
1.000000000000000000e+14 -2.662777064381238734e-01 -3.011437438575627623e-01 -2.251823513838953073e-01 -3.341405654244432588e-01 -1.982905278304845642e-01 -3.425014348251552154e-01 -1.622429042333101423e-01
1.258925411794166250e+14 -2.433970408941629193e-01 -2.871993068748062150e-01 -1.980718047855966057e-01 -3.339383193744733802e-01 -1.507363303454624659e-01 -3.414665568512275096e-01 -1.329724836868288740e-01
1.584893192461110938e+14 -2.205520198724379433e-01 -2.711910721981989347e-01 -1.484436349402544486e-01 -3.262054860064968476e-01 -1.047029079909677779e-01 -3.336436374741666988e-01 -7.814152329845870659e-02
1.995262314968882812e+14 -2.198314306598725398e-01 -2.803043122563405043e-01 -1.570341087244092604e-01 -3.333385382532055297e-01 -8.093851756617062576e-02 -3.855926374083255004e-01 -6.288956046401522615e-02
2.511886431509582188e+14 -2.210041974663030651e-01 -2.950034367975110094e-01 -1.485059441455590656e-01 -3.442323692356968334e-01 -8.037064421383824375e-02 -3.834988890882718993e-01 -7.286951630849651529e-02
3.162277660168379375e+14 -2.394419312909922826e-01 -3.365783013009407409e-01 -1.410278915740276195e-01 -4.039235086999224400e-01 -4.689920416193611719e-02 -4.699284756762847071e-01 2.687087677807266373e-02
