# M200c[Msun] <corr> corr+ corr- corr++ corr-- corr+++ corr---
1.995262314968882751e+11 1.535564587955969285e-01 1.506453889358617126e-01 1.561557168492467007e-01 1.491682072266618531e-01 1.591738433339739411e-01 1.484043278115895204e-01 1.605909051104335294e-01
2.511886431509582214e+11 1.586216541650641854e-01 1.566092980728508444e-01 1.611908457481278645e-01 1.539418332967075753e-01 1.642822181448186369e-01 1.533247634975618556e-01 1.678461546179634833e-01
3.162277660168379517e+11 1.626484001962725245e-01 1.600984377467744579e-01 1.653543356565923550e-01 1.578363803894815565e-01 1.670721449395665137e-01 1.571215671090426258e-01 1.682957991043853574e-01
3.981071705534985352e+11 1.664905698334194772e-01 1.639887569442419757e-01 1.693316464342408678e-01 1.613625785095566534e-01 1.721940187203119810e-01 1.587931758355752843e-01 1.732268344760821699e-01
5.011872336272734985e+11 1.695111631719384004e-01 1.666487798929338071e-01 1.725387976733232520e-01 1.644627442184236621e-01 1.762940533086164163e-01 1.606963425759590502e-01 1.790241526892126234e-01
6.309573444801943359e+11 1.717130713994636237e-01 1.690744933589180266e-01 1.745125012218533833e-01 1.671371164466165515e-01 1.775506109998504500e-01 1.634292875531389022e-01 1.792431240738275033e-01
7.943282347242821045e+11 1.743996695782290829e-01 1.706031780202109382e-01 1.775633838276546861e-01 1.668421211270316729e-01 1.805395628516184570e-01 1.639754252914118193e-01 1.809892321902633050e-01
1.000000000000000000e+12 1.750711994012869033e-01 1.715643566661925190e-01 1.786846217222795019e-01 1.677551651939584165e-01 1.823430755831264016e-01 1.657861376893002836e-01 1.845135844736094100e-01
1.258925411794171387e+12 1.769289171682299489e-01 1.724049272647903697e-01 1.800967972015808383e-01 1.686981115830168965e-01 1.841422364390087330e-01 1.649632351856186174e-01 1.851613081001138028e-01
1.584893192461117432e+12 1.776060232833865937e-01 1.728892368579325323e-01 1.804874074395372008e-01 1.678575021879271656e-01 1.856297915277933253e-01 1.655500597556495423e-01 1.868610837955901327e-01
1.995262314968882812e+12 1.809629203273412368e-01 1.751220598690911845e-01 1.858772463852077506e-01 1.695598335106285881e-01 1.906057070867384073e-01 1.631104255659773794e-01 1.910521229146211752e-01
2.511886431509582031e+12 1.870095963381782078e-01 1.818674551544757212e-01 1.928090822544108185e-01 1.767769825186339405e-01 1.976996543769659331e-01 1.744516650396803759e-01 2.016410170368377608e-01
3.162277660168379395e+12 1.946649112548246019e-01 1.901520244908102009e-01 2.019952578990969472e-01 1.829144826921382805e-01 2.074019847015751428e-01 1.717089040543866851e-01 2.084338416433262342e-01
3.981071705534985352e+12 2.041561966658038130e-01 1.982205081127781376e-01 2.110028475450795304e-01 1.940978093227597734e-01 2.159758382199009064e-01 1.900772977722743062e-01 2.171161552560215702e-01
5.011872336272735352e+12 2.143395168834510978e-01 2.068649669651178580e-01 2.215139148690701276e-01 1.994163333209664213e-01 2.292016495526068565e-01 1.966061601722222385e-01 2.348891664110049349e-01
6.309573444801942383e+12 2.212203585436232633e-01 2.136641439874366055e-01 2.293306072580713062e-01 2.061357730681587785e-01 2.377855165772520540e-01 2.034530014419320409e-01 2.489849797526666741e-01
7.943282347242821289e+12 2.266463929608799055e-01 2.159070979210901409e-01 2.342187811736922698e-01 2.076217204812241812e-01 2.405505212723128561e-01 2.021825028524596446e-01 2.469653620141935291e-01
1.000000000000000000e+13 2.258994303559390404e-01 2.168330737722627966e-01 2.366487765286328093e-01 2.099660295973129753e-01 2.462589404101249158e-01 2.071404362941554056e-01 2.487330372033775827e-01
1.258925411794166211e+13 2.268230759986653022e-01 2.138554483464471245e-01 2.384541134315542599e-01 2.022818552766595113e-01 2.494015481720559813e-01 1.952967492614114953e-01 2.596233350009251040e-01
1.584893192461110938e+13 2.283012373629139113e-01 2.168172927247631887e-01 2.397165562175775921e-01 2.114765841629848431e-01 2.488171908247515662e-01 2.080367323489809850e-01 2.569072835464796256e-01
1.995262314968882812e+13 2.282227194295860517e-01 2.159002769187047810e-01 2.427629866406618153e-01 2.065067997030262947e-01 2.591480449498172467e-01 1.996669464456190535e-01 2.635560766580873904e-01
2.511886431509582031e+13 2.297408380987967513e-01 2.170855827341095778e-01 2.513632687076988725e-01 2.014908334452982785e-01 2.633359678090630984e-01 1.961769311831181861e-01 2.670941898744984000e-01
3.162277660168379297e+13 2.327824054235522189e-01 2.176508048126424011e-01 2.506603024860348805e-01 1.992201851495828957e-01 2.696767621922501745e-01 1.928687119320641186e-01 2.805932020877993094e-01
3.981071705534969531e+13 2.306396150542281420e-01 2.057876034232609674e-01 2.500621147508799713e-01 1.865745056086883236e-01 2.683455393591064331e-01 1.813827089863466746e-01 2.848294355214294749e-01
5.011872336272714844e+13 2.181066893506629634e-01 1.953691245374785668e-01 2.440331503077716180e-01 1.738924027285818075e-01 2.627134342214060281e-01 1.625620772342411258e-01 2.738879967988485098e-01
6.309573444801942969e+13 2.079489308005923465e-01 1.762199731747051967e-01 2.360735384430111550e-01 1.358679964185318667e-01 2.557534128776683957e-01 9.333001518105515926e-02 2.620706027435857344e-01
7.943282347242821875e+13 1.909113211095480878e-01 1.609082731436848879e-01 2.203182088536004002e-01 1.294100303977871180e-01 2.609748111812939531e-01 6.862893225931440688e-02 2.913149992574055602e-01
1.000000000000000000e+14 1.824506148813217488e-01 1.481211096061210708e-01 2.279262399310480192e-01 9.983342971160868995e-02 2.578208427141673309e-01 8.780414455179005873e-02 3.022323285322012776e-01
1.258925411794166250e+14 1.884136427273417347e-01 1.399482055155481797e-01 2.353227361613506874e-01 9.943581240397574017e-02 2.654128243130592368e-01 7.229324311274293313e-02 3.152464969765756408e-01
1.584893192461110938e+14 2.093726072489108525e-01 1.700884307761413583e-01 2.807775880760707832e-01 1.216416331312808047e-01 3.231801822095072829e-01 1.006058265459275902e-01 3.652152643700120604e-01
1.995262314968882812e+14 2.504965137960596389e-01 1.666028760652623064e-01 3.110190764591855839e-01 1.091589081318662668e-01 3.558708729765476808e-01 4.335330631707604021e-02 3.729284554433331400e-01
2.511886431509582188e+14 3.077326273199321172e-01 2.299756704945599417e-01 3.729302694821693964e-01 1.432238726112746163e-01 4.431813709047031091e-01 9.374694357088457497e-02 4.600469297129184398e-01
3.162277660168379375e+14 3.649839170460660309e-01 2.839369740034892176e-01 4.406607940303003401e-01 1.665475562522946151e-01 4.964145510097978109e-01 1.132746107138274255e-01 5.232392752848870066e-01
