# M200c[Msun] <corr> corr+ corr- corr++ corr-- corr+++ corr---
1.000000000000000000e+10 -3.107117891353322614e-01 -3.245939493234408779e-01 -2.890056893903956703e-01 -3.597455237712183784e-01 -2.734913486012006123e-01 -3.697401239290100672e-01 -2.566575380305673448e-01
1.258925411794166183e+10 -3.156417883232180976e-01 -3.366466938128202524e-01 -2.856114206245897180e-01 -3.537834335211057502e-01 -2.687106379537314571e-01 -3.661455828354372999e-01 -2.589594724647914514e-01
1.584893192461110878e+10 -3.101247232771062734e-01 -3.360785072750547831e-01 -2.867664311829621338e-01 -3.598933574169074223e-01 -2.588370827379231631e-01 -3.777277807174030944e-01 -2.466213604796765879e-01
1.995262314968882751e+10 -3.102682387916435580e-01 -3.465146943017911596e-01 -2.768265802852754587e-01 -3.776743576842439554e-01 -2.507747573304230371e-01 -3.890499856812402180e-01 -2.373455272159774032e-01
2.511886431509582138e+10 -3.059904641444001205e-01 -3.428048201049248012e-01 -2.768809313482883949e-01 -3.692336992250091487e-01 -2.424905234933485976e-01 -3.806500803913753783e-01 -1.928496205488405280e-01
3.162277660168379211e+10 -2.959379663529506654e-01 -3.418229658567913387e-01 -2.552605017542064481e-01 -3.721252585303811977e-01 -2.050563612047985873e-01 -3.819193490063899632e-01 -1.882509798261131628e-01
3.981071705534985352e+10 -2.761482815058675655e-01 -3.364960725961952948e-01 -2.295680903217699464e-01 -3.807960650354798027e-01 -1.742313890789510822e-01 -4.035718586592288437e-01 -1.306145166859650486e-01
5.011872336272734833e+10 -2.433893011959988861e-01 -3.069904070127801310e-01 -1.765743515688159848e-01 -3.694636913129122346e-01 -1.129962889008504501e-01 -3.836484706487449103e-01 -9.204059899646405141e-02
6.309573444801942444e+10 -1.860253675073955670e-01 -2.753428873164232016e-01 -1.116125715885473296e-01 -3.315825127559153263e-01 7.920988822569616922e-03 -4.306189536295435549e-01 3.840122361450124672e-02
