# M200c[Msun] <corr> corr+ corr- corr++ corr-- corr+++ corr---
1.584893192461110830e+09 2.293770899546766495e-01 2.067489772987100016e-01 2.522505185301542330e-01 1.862678773656541997e-01 2.736852254649004834e-01 1.780804492224161428e-01 2.821298438094288485e-01
1.995262314968874693e+09 2.208733565540181298e-01 1.984862976445238569e-01 2.411410996925180406e-01 1.761456888495881723e-01 2.594839624431883873e-01 1.650514629264555611e-01 2.647161493022585632e-01
2.511886431509572029e+09 2.238812742890535779e-01 2.016261680810108314e-01 2.454251624967147549e-01 1.743496595213539502e-01 2.640033678199726896e-01 1.629852900504266122e-01 2.650829363030892671e-01
3.162277660168379307e+09 2.198509663837970307e-01 1.961971281500266839e-01 2.441963484060676037e-01 1.814826115824568764e-01 2.624720664995253139e-01 1.712840490780109526e-01 2.648560810214969918e-01
3.981071705534969330e+09 2.239158929476660620e-01 1.922241255106418856e-01 2.465959225601436489e-01 1.685174382080783517e-01 2.677105500549553097e-01 1.445114705526985566e-01 2.890276164599761000e-01
5.011872336272714615e+09 2.244137269236069765e-01 1.933879785144275165e-01 2.534117475153837562e-01 1.566484006389710359e-01 2.771343871768416900e-01 1.313354930481955285e-01 3.258226152372731832e-01
6.309573444801942825e+09 2.125331013020328452e-01 1.687308465144283232e-01 2.483028848667410415e-01 1.252506001346422593e-01 2.762815952237144268e-01 1.068534428943541809e-01 2.877973744967091130e-01
7.943282347242821693e+09 1.994227303492426828e-01 1.629575081867759845e-01 2.467563707999814449e-01 1.148781939965521914e-01 2.752100684818014065e-01 6.537227639065817941e-02 3.576069715957906903e-01
1.000000000000000000e+10 1.888952695343403820e-01 1.455041514524685886e-01 2.432981794478170645e-01 4.558855775211136108e-02 3.031870788980783882e-01 1.920994702659745840e-02 3.373599436395443574e-01
