# M200c[Msun] <corr> corr+ corr- corr++ corr-- corr+++ corr---
1.000000000000000000e+10 -1.756314310391855760e-01 -1.783264447006170927e-01 -1.731381082054592180e-01 -1.814151633098786964e-01 -1.707918690843905907e-01 -1.819882839315002110e-01 -1.692836854003033353e-01
1.258925411794166183e+10 -1.731147721664139938e-01 -1.763194557887069469e-01 -1.712297785159662133e-01 -1.784884070462922911e-01 -1.689116199296752385e-01 -1.800770204243723749e-01 -1.674468380648973520e-01
1.584893192461110878e+10 -1.703802428224137078e-01 -1.729062218526917216e-01 -1.682784276705324433e-01 -1.741861665984278384e-01 -1.661424547440669142e-01 -1.750968185143876310e-01 -1.635655954645780230e-01
1.995262314968882751e+10 -1.666041956232574006e-01 -1.690235608676586565e-01 -1.639704418219443960e-01 -1.705538111785356581e-01 -1.610658165597542157e-01 -1.729800239309026155e-01 -1.591748588012648624e-01
2.511886431509582138e+10 -1.617820783544058616e-01 -1.651753693264180478e-01 -1.587847135567322376e-01 -1.677134205659651101e-01 -1.561095801865865218e-01 -1.692334890293777372e-01 -1.533562888039190220e-01
3.162277660168379211e+10 -1.577495295919459362e-01 -1.618624736508093576e-01 -1.546852413857097153e-01 -1.656450920101069646e-01 -1.513175299159395526e-01 -1.662883688644673508e-01 -1.504084075107374741e-01
3.981071705534969330e+10 -1.554126102597424564e-01 -1.590206981351893756e-01 -1.506730511309118670e-01 -1.617688053496587341e-01 -1.466206454328167208e-01 -1.647680825534112992e-01 -1.445488980933400947e-01
5.011872336272714996e+10 -1.516316805451266014e-01 -1.558700698856079203e-01 -1.487103027428189062e-01 -1.609306331210881291e-01 -1.435526251661663477e-01 -1.637226278068851792e-01 -1.413864044795664632e-01
6.309573444801942444e+10 -1.494628246557543894e-01 -1.532665984631408906e-01 -1.456595593761838836e-01 -1.574201176721477802e-01 -1.413503357561518015e-01 -1.620178646753743235e-01 -1.392291783120650772e-01
7.943282347242822266e+10 -1.461645427191383129e-01 -1.506697872674217509e-01 -1.399812077850070557e-01 -1.536090524920165346e-01 -1.350301319472137773e-01 -1.579397652288656861e-01 -1.311732933089271302e-01
1.000000000000000000e+11 -1.420985809650341380e-01 -1.467407794223145046e-01 -1.363161146686916181e-01 -1.518383200664902843e-01 -1.308729237040788806e-01 -1.582172169844747178e-01 -1.259609995695905871e-01
1.258925411794166107e+11 -1.389318918254880963e-01 -1.445225946674203732e-01 -1.314258792376938878e-01 -1.510910503930664728e-01 -1.260782710601458245e-01 -1.571193063427339387e-01 -1.227999416249325598e-01
1.584893192461110840e+11 -1.349784698093291491e-01 -1.412363542839107089e-01 -1.287527660297536902e-01 -1.475338836851295410e-01 -1.237034388013745351e-01 -1.562296213397221245e-01 -1.189918702014570590e-01
1.995262314968882751e+11 -1.326165410625874674e-01 -1.401183549833268371e-01 -1.239792318193876919e-01 -1.506236243651887241e-01 -1.141053004439530894e-01 -1.521423041205519633e-01 -1.125873411358175868e-01
2.511886431509582214e+11 -1.295998451932807716e-01 -1.377944234089047149e-01 -1.196549322632028817e-01 -1.441627419752563311e-01 -1.129256681154510722e-01 -1.469547318302500960e-01 -1.089979250768108171e-01
3.162277660168379517e+11 -1.286426989883985850e-01 -1.396094831352570620e-01 -1.174663320292349961e-01 -1.485817470243305238e-01 -1.062658557541036053e-01 -1.556452767504116763e-01 -1.003218448864979795e-01
3.981071705534969482e+11 -1.323258103948419528e-01 -1.440466961930884915e-01 -1.214919791892607598e-01 -1.527752191431596684e-01 -1.095278417478832422e-01 -1.591369226101979062e-01 -1.006159845195296748e-01
5.011872336272714844e+11 -1.356330656661745571e-01 -1.458984345199986765e-01 -1.249690575395903253e-01 -1.551581797566342624e-01 -1.094078505199580498e-01 -1.635059950207550794e-01 -1.046240905629388374e-01
6.309573444801943359e+11 -1.430067461549641428e-01 -1.539918149478314569e-01 -1.268687595576557803e-01 -1.646166151537415967e-01 -1.142487588149412314e-01 -1.804317191495933559e-01 -1.089634592549457437e-01
7.943282347242821045e+11 -1.457118665145628045e-01 -1.579168565396148194e-01 -1.298629193538437809e-01 -1.681470528007941168e-01 -1.209917173849584110e-01 -1.915030426966402022e-01 -1.181618499811310091e-01
1.000000000000000000e+12 -1.501476197512328081e-01 -1.693995219376562278e-01 -1.362675947457462899e-01 -1.836834887169840891e-01 -1.248346374879799880e-01 -1.898869661874072468e-01 -1.163017898948610906e-01
1.258925411794166260e+12 -1.426724204976937138e-01 -1.644410231033432701e-01 -1.260152184420909593e-01 -1.818378371485091793e-01 -1.084960229214924493e-01 -1.969865142162680327e-01 -1.023198648191393778e-01
1.584893192461110840e+12 -1.377613776197869067e-01 -1.611542086487382508e-01 -1.108296030585699116e-01 -1.835906206823426923e-01 -9.366208389301594606e-02 -1.854710722399022793e-01 -8.515235874178937736e-02
1.995262314968882812e+12 -1.235931763232375746e-01 -1.483459080756589221e-01 -9.813198712990778283e-02 -1.657985350089732357e-01 -7.663978703117454994e-02 -1.891618088507242279e-01 -7.413977179989632293e-02
2.511886431509582031e+12 -1.225458406694766578e-01 -1.481806555695208416e-01 -8.774293461445385744e-02 -1.742095936412900170e-01 -7.424696512711953522e-02 -1.986755910882109788e-01 -6.766114454442530290e-02
3.162277660168379395e+12 -1.224683916984654342e-01 -1.484807223997707259e-01 -1.002901439405532724e-01 -1.692487876141830216e-01 -7.050988549940100103e-02 -1.890869601399511324e-01 -5.630667818829480226e-02
3.981071705534969238e+12 -1.323562263471811384e-01 -1.589931696023374197e-01 -9.965302207558744685e-02 -1.848030365630270455e-01 -7.980189387933650513e-02 -2.011131896987675138e-01 -6.372691313272489666e-02
5.011872336272714844e+12 -1.538288103733203849e-01 -1.830105311317896943e-01 -1.098985020235475896e-01 -2.262451663517247025e-01 -8.815865319556126511e-02 -2.387620024956524367e-01 -6.067425279172743158e-02
6.309573444801942383e+12 -1.748083551097657784e-01 -2.136737449160104885e-01 -1.351511445228937847e-01 -2.431233958204594980e-01 -8.260941361754103873e-02 -2.538582565006404224e-01 -6.592970513080870232e-02
7.943282347242821289e+12 -1.962193679384170442e-01 -2.391460296968578869e-01 -1.536126768722305413e-01 -2.641827532725177230e-01 -1.146430489089434734e-01 -2.933370777373918714e-01 -1.031616526069266543e-01
1.000000000000000000e+13 -2.074307691332949177e-01 -2.585616968889344891e-01 -1.653013685210719397e-01 -2.937579948394135609e-01 -1.211771500032432225e-01 -3.063468871127346116e-01 -7.598996662755147513e-02
1.258925411794166211e+13 -1.859702735388155947e-01 -2.476736788623839502e-01 -1.369088106756375656e-01 -3.039072475512465399e-01 -9.089209054934319076e-02 -3.264728249253375236e-01 -6.310581196888975786e-02
1.584893192461110938e+13 -1.582767819795720399e-01 -2.313940070866468413e-01 -1.039616918869040452e-01 -2.848927235991521867e-01 -5.859221008211850518e-02 -2.971219328152930328e-01 7.463219816698311512e-03
1.995262314968882812e+13 -1.361106131911374861e-01 -2.176259302587437716e-01 -4.467362205272824155e-02 -2.688634379898037774e-01 2.330138835391177068e-02 -3.537661566932303603e-01 5.341476492379016588e-02
2.511886431509582031e+13 -1.223037922587689452e-01 -1.967930454397808226e-01 -6.097220260735155412e-02 -2.624181534861484977e-01 6.488646146713353963e-03 -2.751088487470663146e-01 1.070736215779000966e-01
