# M200c[Msun] <corr> corr+ corr- corr++ corr-- corr+++ corr---
1.584893192461110830e+09 -8.534257355920176202e-01 -8.544463997091384933e-01 -8.521459107039870418e-01 -8.557360818988106743e-01 -8.509910436923595611e-01 -8.565433106040898359e-01 -8.504430356838398319e-01
1.995262314968874693e+09 -8.501331070212152508e-01 -8.511260248645999837e-01 -8.490908342114640295e-01 -8.530894382375084906e-01 -8.478637214669400013e-01 -8.533708722739350439e-01 -8.466589386724231447e-01
2.511886431509572029e+09 -8.464514721725744373e-01 -8.475040375218539923e-01 -8.452131870995595042e-01 -8.480770279704733516e-01 -8.440149510764775043e-01 -8.496299734990081509e-01 -8.430979920548169471e-01
3.162277660168379307e+09 -8.431635867406420681e-01 -8.443698145410731826e-01 -8.417721709754635295e-01 -8.454700192614404974e-01 -8.408203918314646197e-01 -8.456259765282517771e-01 -8.398976579348209626e-01
3.981071705534969330e+09 -8.398523069767001026e-01 -8.410290620880667145e-01 -8.385589514477652662e-01 -8.435335904285869990e-01 -8.368953083466756926e-01 -8.440247622094290136e-01 -8.348845469641065220e-01
5.011872336272714615e+09 -8.358508420682606577e-01 -8.375037878952270587e-01 -8.341673744646975752e-01 -8.393278615593132708e-01 -8.325762540932790667e-01 -8.399907282159760902e-01 -8.320302374222052766e-01
6.309573444801917076e+09 -8.328952104748146290e-01 -8.342477325639112706e-01 -8.310378828514128902e-01 -8.358100385190789794e-01 -8.297708544180285584e-01 -8.365391059256315209e-01 -8.276188071254870771e-01
7.943282347242789268e+09 -8.291239667371343991e-01 -8.311512955698707739e-01 -8.266791219233161625e-01 -8.326583741644166814e-01 -8.250525293979638075e-01 -8.331462022779854149e-01 -8.241157431192832616e-01
1.000000000000000000e+10 -8.254893920926857920e-01 -8.274013100923124364e-01 -8.229277375145358508e-01 -8.288846007574867114e-01 -8.205637479022658276e-01 -8.323163666086057511e-01 -8.180109535742355886e-01
1.258925411794166183e+10 -8.205395245798647874e-01 -8.233217260973559881e-01 -8.177143751017800222e-01 -8.250152590987261947e-01 -8.154966469893055736e-01 -8.260928917969329044e-01 -8.132675994853446610e-01
1.584893192461110878e+10 -8.151169584618209729e-01 -8.184682835740044737e-01 -8.120932016355404404e-01 -8.210781720379165538e-01 -8.089103671784745320e-01 -8.222121534268866938e-01 -8.082891850746342088e-01
1.995262314968874741e+10 -8.079467477894972660e-01 -8.114062879230946601e-01 -8.051416787102257944e-01 -8.151332727486941820e-01 -8.010253654775995047e-01 -8.156490427943882127e-01 -8.002107794185611134e-01
2.511886431509571838e+10 -8.005222336518869053e-01 -8.037367130298025408e-01 -7.955978913542445241e-01 -8.068297393670604833e-01 -7.923907380631963759e-01 -8.087985253317306888e-01 -7.907318168437226236e-01
3.162277660168379211e+10 -7.917573308927958742e-01 -7.970037324884972074e-01 -7.871598513769820782e-01 -8.011577097277916559e-01 -7.827577348974317228e-01 -8.034598444538645357e-01 -7.813492504969189456e-01
3.981071705534969330e+10 -7.834527727848488166e-01 -7.885683335491577850e-01 -7.779545720795076891e-01 -7.935419837110824215e-01 -7.724172279123870943e-01 -7.948108013547486861e-01 -7.713607132843005587e-01
5.011872336272714996e+10 -7.767574284939549045e-01 -7.828742029804385272e-01 -7.691185957901580661e-01 -7.867903527365952554e-01 -7.625241551967085751e-01 -7.881316364961601373e-01 -7.589446423756008864e-01
6.309573444801917267e+10 -7.699627119055050262e-01 -7.756322939432231944e-01 -7.620966791494359072e-01 -7.800998019977993803e-01 -7.547037074144843372e-01 -7.865728313621774825e-01 -7.405250140118432300e-01
7.943282347242822266e+10 -7.643094711942071129e-01 -7.746454724394639113e-01 -7.563795313119752173e-01 -7.852573805692351083e-01 -7.478745371461553715e-01 -7.884089415982125093e-01 -7.423203958263573377e-01
1.000000000000000000e+11 -7.587867044531632077e-01 -7.688871695608042733e-01 -7.470998739549383760e-01 -7.734299763988957688e-01 -7.338903977195772033e-01 -7.760231102242911572e-01 -7.322634280480075919e-01
1.258925411794166107e+11 -7.514136713690726666e-01 -7.628805873249806524e-01 -7.418471388697123192e-01 -7.769810734016107112e-01 -7.314179919941229402e-01 -7.785184681223197289e-01 -7.264491633975691531e-01
1.584893192461110840e+11 -7.473248608822710137e-01 -7.607405527004433843e-01 -7.339036345091708435e-01 -7.720811022204479013e-01 -7.160020126554049735e-01 -7.831835331705623293e-01 -7.111543824756307863e-01
1.995262314968882751e+11 -7.423442250030033440e-01 -7.583166258032462137e-01 -7.297593708098952803e-01 -7.713721263250914451e-01 -7.125990893084847011e-01 -7.775847700148643682e-01 -7.089172467316755544e-01
2.511886431509582214e+11 -7.393880990229212413e-01 -7.574159482575412161e-01 -7.268565990817358324e-01 -7.765895183089081000e-01 -7.117957873619320530e-01 -7.889201894899007250e-01 -6.965096429504895603e-01
3.162277660168379517e+11 -7.395918400849372798e-01 -7.570656052535971181e-01 -7.260970476382830885e-01 -7.750872153163086420e-01 -7.060711831343204903e-01 -7.784393083078001707e-01 -7.021097051660116772e-01
3.981071705534969482e+11 -7.302029325411001359e-01 -7.490451660609651618e-01 -7.116211284454525554e-01 -7.596025781439836866e-01 -6.911916634123254077e-01 -7.746199548869143747e-01 -6.650187057720535755e-01
5.011872336272714844e+11 -7.139383660173141966e-01 -7.355213881938155174e-01 -6.894423584416511375e-01 -7.524396221675082597e-01 -6.683003654163712781e-01 -7.622391158874256556e-01 -6.604835940387814297e-01
6.309573444801943359e+11 -6.820559983704814755e-01 -7.141674370601415189e-01 -6.579242437886388961e-01 -7.357689978815514786e-01 -6.343752149929348105e-01 -7.506248114840634589e-01 -6.210268753846598377e-01
7.943282347242821045e+11 -6.697623402090768785e-01 -6.986051274048468152e-01 -6.354767593873732467e-01 -7.302635525793761406e-01 -5.937778451726786200e-01 -7.426240601348442771e-01 -5.798664349293883857e-01
1.000000000000000000e+12 -6.562682219876931899e-01 -6.842397265093376202e-01 -6.220689369645109323e-01 -7.124312014400049353e-01 -5.923108174892315336e-01 -7.205267726201832756e-01 -5.581169001705983401e-01
1.258925411794166260e+12 -6.505331920834758197e-01 -6.809391360892873557e-01 -6.145819633930469372e-01 -7.099544806188125001e-01 -5.936804181052401930e-01 -7.189568996674591261e-01 -5.839658350901980599e-01
1.584893192461110840e+12 -6.760100279270372381e-01 -7.043911254993615589e-01 -6.464194341771309915e-01 -7.268513360641268850e-01 -6.074284206829267951e-01 -7.297638257474248213e-01 -5.700969220849755326e-01
1.995262314968882812e+12 -6.819569232013438231e-01 -7.132547124918490189e-01 -6.521150184732689148e-01 -7.335121019260266717e-01 -5.908811283618194965e-01 -7.369622815344419875e-01 -5.620726337059146482e-01
2.511886431509582031e+12 -6.875081769884092697e-01 -7.124475478641254522e-01 -6.517759827332089140e-01 -7.510654236679560336e-01 -6.236782080461733546e-01 -7.685236693826835719e-01 -6.096701843531746601e-01
3.162277660168379395e+12 -6.851790321682080798e-01 -7.238882886130773020e-01 -6.346134444738762426e-01 -7.507286114049498416e-01 -6.063794507954743951e-01 -7.583923797606262340e-01 -5.942205570986055507e-01
