# M200c[Msun] <corr> corr+ corr- corr++ corr-- corr+++ corr---
1.995262314968882751e+11 -7.593557929594270117e-01 -7.604265382368744497e-01 -7.584043339932075023e-01 -7.614164833730416859e-01 -7.571849605152429774e-01 -7.619845064408123925e-01 -7.569369947818587185e-01
2.511886431509582214e+11 -7.553753107840750491e-01 -7.562648210611633282e-01 -7.542131833485180570e-01 -7.573044750763279209e-01 -7.536831424173213723e-01 -7.575334137140281587e-01 -7.534384132902584019e-01
3.162277660168379517e+11 -7.512127232423195800e-01 -7.522997214308916325e-01 -7.500714410748765548e-01 -7.526686351179527890e-01 -7.490181544118430512e-01 -7.541149584628559221e-01 -7.488888069086100385e-01
3.981071705534985352e+11 -7.462373852565441501e-01 -7.475217438481737142e-01 -7.451033293305446836e-01 -7.488576661427088776e-01 -7.437713920285582425e-01 -7.495968565902674241e-01 -7.428682592047366473e-01
5.011872336272734985e+11 -7.418634949750648744e-01 -7.429146325166876563e-01 -7.404532971614221637e-01 -7.441997030359429610e-01 -7.393208066623988550e-01 -7.451128551688265267e-01 -7.375680278634151321e-01
6.309573444801943359e+11 -7.378995010588640380e-01 -7.392345581638745111e-01 -7.363142150651472706e-01 -7.407107297551566161e-01 -7.346064141849205642e-01 -7.414907846810265823e-01 -7.336450819754835040e-01
7.943282347242821045e+11 -7.331108844000093772e-01 -7.347215750274074253e-01 -7.318022509843414847e-01 -7.365407548666851323e-01 -7.293611852349757285e-01 -7.367956202731900106e-01 -7.270894560619195479e-01
1.000000000000000000e+12 -7.280475027736326155e-01 -7.298892717981333433e-01 -7.261316606822560971e-01 -7.313762347330396985e-01 -7.249685349377485988e-01 -7.340283024160771941e-01 -7.246108154781009114e-01
1.258925411794171387e+12 -7.225469099550324570e-01 -7.243651615822460643e-01 -7.202914992586264553e-01 -7.257881679721769341e-01 -7.183374747833457530e-01 -7.278712774513976802e-01 -7.170521798236597633e-01
1.584893192461117432e+12 -7.166873740365483636e-01 -7.189214182269710873e-01 -7.139507323594540544e-01 -7.207717280004002358e-01 -7.119528790683958830e-01 -7.244079229872224523e-01 -7.064942959838264036e-01
1.995262314968882812e+12 -7.099924978213505433e-01 -7.125643003645933948e-01 -7.063892494675260147e-01 -7.161266612965662137e-01 -7.049075495113852341e-01 -7.173143029377658797e-01 -7.038415735525485051e-01
2.511886431509582031e+12 -7.030165258090813607e-01 -7.064515263070770823e-01 -7.007297334976072545e-01 -7.094955625405783284e-01 -6.966753642369607480e-01 -7.139713854842197893e-01 -6.935952569008357882e-01
3.162277660168379395e+12 -6.958272544364851875e-01 -6.998966198338661959e-01 -6.917736923288845263e-01 -7.023673385819666493e-01 -6.888117146257944912e-01 -7.044828006570298395e-01 -6.873430378383237338e-01
3.981071705534985352e+12 -6.889941028111892241e-01 -6.934488756963628209e-01 -6.845577550035494285e-01 -6.967564375060206761e-01 -6.816219583892519918e-01 -7.002315029418612058e-01 -6.802271076019376084e-01
5.011872336272735352e+12 -6.817554788836459601e-01 -6.865796925215004176e-01 -6.782564044690831961e-01 -6.916284253611097999e-01 -6.748955009342388900e-01 -6.945323919516108724e-01 -6.709460803997717715e-01
6.309573444801942383e+12 -6.758212154849227993e-01 -6.802020840981460870e-01 -6.705708470801570176e-01 -6.837470037649515664e-01 -6.647487279444221908e-01 -6.894656210255625250e-01 -6.589842639924884393e-01
7.943282347242821289e+12 -6.697292760495112685e-01 -6.765426977142594556e-01 -6.636583278898902094e-01 -6.797774104392182437e-01 -6.583212278028106601e-01 -6.823392460378331359e-01 -6.557832319577548974e-01
1.000000000000000000e+13 -6.651487687451524966e-01 -6.710169464837524300e-01 -6.588561302108910667e-01 -6.790853580992344263e-01 -6.525957856226612952e-01 -6.822539296839921219e-01 -6.460333317410188458e-01
1.258925411794166211e+13 -6.589331160379656716e-01 -6.664586573160909966e-01 -6.507990642817076399e-01 -6.764464511095661381e-01 -6.416309670234430218e-01 -6.822994978421647039e-01 -6.369363321306843462e-01
1.584893192461110938e+13 -6.528456975761993686e-01 -6.609495118064527830e-01 -6.445646381619070109e-01 -6.703057598031112452e-01 -6.370830375066378615e-01 -6.746698933698003220e-01 -6.332968512681853568e-01
1.995262314968882812e+13 -6.415613622770341973e-01 -6.535629522739596631e-01 -6.327077490417359895e-01 -6.594711592116970778e-01 -6.267588510706482152e-01 -6.657776314610208690e-01 -6.250243932709096395e-01
2.511886431509582031e+13 -6.356930486211470610e-01 -6.453519673132466217e-01 -6.240553942301030332e-01 -6.526033222866154393e-01 -6.055604054817727011e-01 -6.611614792721908218e-01 -6.032843434205514832e-01
3.162277660168379297e+13 -6.267519345241903128e-01 -6.395403869111699890e-01 -6.127991439918638594e-01 -6.543777176350595859e-01 -6.004861529344991400e-01 -6.592936121732309029e-01 -5.924235831055540968e-01
3.981071705534969531e+13 -6.175529092439775436e-01 -6.301500196663896158e-01 -6.012706670284743149e-01 -6.430455224244226997e-01 -5.946952366706588222e-01 -6.590141893214505053e-01 -5.937339231198395240e-01
5.011872336272714844e+13 -6.123213091954339271e-01 -6.293650900075175025e-01 -5.951914335080489282e-01 -6.434749820306896462e-01 -5.860815684548629223e-01 -6.547548220368291094e-01 -5.784320531866626869e-01
6.309573444801942969e+13 -6.060685639465536179e-01 -6.240159774642470847e-01 -5.835359066721246268e-01 -6.430458107510421684e-01 -5.568697717830994875e-01 -6.541123821554549744e-01 -5.448934189958264396e-01
7.943282347242821875e+13 -6.031085536141524983e-01 -6.232953378269388001e-01 -5.800897936750296635e-01 -6.473753731014669777e-01 -5.633383754164856816e-01 -6.538736657671535557e-01 -5.192035944682658055e-01
1.000000000000000000e+14 -5.925902394898130421e-01 -6.208206381887615422e-01 -5.604795993727933467e-01 -6.459620368858444150e-01 -5.313325012550685900e-01 -6.562464977748424522e-01 -5.129633281205659978e-01
1.258925411794166250e+14 -5.776229613675760710e-01 -6.217743838162490544e-01 -5.407158722115709137e-01 -6.586634599906912024e-01 -5.051401513517944641e-01 -6.858181625738258846e-01 -4.493402556493584776e-01
1.584893192461110938e+14 -5.626987016985409706e-01 -6.120810223998454092e-01 -5.255392642769753930e-01 -6.372241558664141214e-01 -4.916785915050441158e-01 -6.717354015325393002e-01 -4.637058495519906787e-01
1.995262314968882812e+14 -5.673968432488435409e-01 -6.035268133906841470e-01 -5.015678834959440557e-01 -6.541423912600434765e-01 -4.550608425566047277e-01 -7.007519646449524853e-01 -4.080695382700920693e-01
2.511886431509582188e+14 -5.447509998348161186e-01 -6.047763493581428396e-01 -4.662692110385990851e-01 -6.448414955801073933e-01 -3.946333274373029498e-01 -6.698205956205169898e-01 -3.507529116414182524e-01
3.162277660168379375e+14 -5.517637534334458582e-01 -6.264919303370382053e-01 -4.725144471634169507e-01 -6.893740543973962964e-01 -3.976835665471700754e-01 -7.000492659521999617e-01 -3.289580177396209115e-01
