# M200c[Msun] <corr> corr+ corr- corr++ corr-- corr+++ corr---
1.000000000000000000e+11 -1.979453312237441365e-01 -1.994345210795795686e-01 -1.964188304728109458e-01 -2.012448309759052867e-01 -1.949568720614521244e-01 -2.030951148011523044e-01 -1.940936621438467125e-01
1.258925411794166107e+11 -2.014611960448322581e-01 -2.032804309506562601e-01 -1.997243652454938623e-01 -2.048875364030157964e-01 -1.982779653261494968e-01 -2.052282158680123481e-01 -1.977798658960836231e-01
1.584893192461110840e+11 -2.055983199590592780e-01 -2.072644822520155194e-01 -2.038438380144058093e-01 -2.084633227112046849e-01 -2.019408347102221168e-01 -2.088109507653781172e-01 -2.008356220971310724e-01
1.995262314968882751e+11 -2.117267487911554946e-01 -2.132225550760905863e-01 -2.096886101037892247e-01 -2.156758440536647170e-01 -2.070049240846556504e-01 -2.167178172756140386e-01 -2.055522137237033586e-01
2.511886431509582214e+11 -2.182325207656069521e-01 -2.203707965108063216e-01 -2.164584566851849856e-01 -2.221317362056099698e-01 -2.147976943488442703e-01 -2.233303603204064292e-01 -2.143530473832028493e-01
3.162277660168379517e+11 -2.253580973026977352e-01 -2.272294452126973896e-01 -2.228013411329297089e-01 -2.295175302338450241e-01 -2.210803475830200870e-01 -2.314466694938441815e-01 -2.206393325304828734e-01
3.981071705534969482e+11 -2.319429004911398307e-01 -2.345064967300030112e-01 -2.292406744034482247e-01 -2.372110859836660812e-01 -2.256461030271553481e-01 -2.377248109746684102e-01 -2.249874484508861405e-01
5.011872336272714844e+11 -2.384215785699753121e-01 -2.405483139568099782e-01 -2.354731540756602459e-01 -2.424679395372594248e-01 -2.319951903197338683e-01 -2.439293299428297035e-01 -2.311107639569316696e-01
6.309573444801943359e+11 -2.424940247270347404e-01 -2.466433829342752349e-01 -2.392594683915331144e-01 -2.496154630336342162e-01 -2.368492417728821353e-01 -2.509090673323373655e-01 -2.365840018029181091e-01
7.943282347242821045e+11 -2.456782047407966019e-01 -2.500180471347402400e-01 -2.430442587542507582e-01 -2.536930331956830931e-01 -2.394605249618669274e-01 -2.560299831873647514e-01 -2.374692160097000571e-01
1.000000000000000000e+12 -2.484738329649886501e-01 -2.520213532473176143e-01 -2.437448482815586515e-01 -2.549973624435259434e-01 -2.395269571165871691e-01 -2.569783365579173529e-01 -2.368108149540177065e-01
1.258925411794166260e+12 -2.457323942469883948e-01 -2.499512932299184920e-01 -2.416202639225399906e-01 -2.535479354289212339e-01 -2.360855363344517288e-01 -2.573493115658269104e-01 -2.332941522808889001e-01
1.584893192461110840e+12 -2.400588688154720596e-01 -2.457955111472458487e-01 -2.356621677352192523e-01 -2.505673913029174971e-01 -2.318013637282013151e-01 -2.540151741435883737e-01 -2.293972678919154184e-01
1.995262314968882812e+12 -2.337434218806201114e-01 -2.418043382795841689e-01 -2.271355437358465457e-01 -2.463481754360913323e-01 -2.209729081409576579e-01 -2.494860047494454891e-01 -2.169910264374051712e-01
2.511886431509582031e+12 -2.259350870427256908e-01 -2.325045883033450278e-01 -2.196570323466425223e-01 -2.386094608130295835e-01 -2.140589882444789427e-01 -2.428510550362903697e-01 -2.132266655964191737e-01
3.162277660168379395e+12 -2.159062742190369644e-01 -2.234074149995028957e-01 -2.073678862884297258e-01 -2.307676362217172539e-01 -2.024427383632156907e-01 -2.334577424282313352e-01 -1.963466501064875802e-01
3.981071705534969238e+12 -2.039162108959330921e-01 -2.118651382756067958e-01 -1.943456513714846567e-01 -2.229114348435870530e-01 -1.864764674133326250e-01 -2.262034307679851586e-01 -1.836245226722891810e-01
5.011872336272714844e+12 -1.961513399938644708e-01 -2.064446333936280631e-01 -1.867217903142638635e-01 -2.165338143593013576e-01 -1.751185071237850166e-01 -2.237457136188740203e-01 -1.696707556567563779e-01
6.309573444801916992e+12 -1.858272011936718537e-01 -1.951092099155182502e-01 -1.723227043573423989e-01 -2.096928406831555236e-01 -1.575302772188221789e-01 -2.218792042646739460e-01 -1.525174619713199342e-01
7.943282347242789062e+12 -1.781221292987041349e-01 -1.918307678797086802e-01 -1.614338816121140274e-01 -2.051274899420921227e-01 -1.536618124154844334e-01 -2.102279052412289462e-01 -1.496412785635647391e-01
1.000000000000000000e+13 -1.621127993835453085e-01 -1.778978207333730965e-01 -1.502263370180191848e-01 -1.950069584852238691e-01 -1.367760417647709836e-01 -1.999860262237517783e-01 -1.152735546727012700e-01
1.258925411794166211e+13 -1.418656975857836844e-01 -1.606828504476925101e-01 -1.158855473833277361e-01 -1.879449261862729814e-01 -9.678336331670520098e-02 -1.947515980568329530e-01 -9.229867970423981383e-02
1.584893192461110938e+13 -1.121562715027126650e-01 -1.461152530242776915e-01 -8.856478467080716732e-02 -1.745311160701691344e-01 -6.009874006045394512e-02 -2.021968175453412175e-01 -4.937236649188130044e-02
1.995262314968874609e+13 -8.762566722608834680e-02 -1.181156839693754124e-01 -6.108336666830711803e-02 -1.456289146722283545e-01 -2.093951647553948456e-02 -1.621003215883879411e-01 1.165593228339949911e-02
2.511886431509571875e+13 -7.379692058071314620e-02 -1.117256579242100062e-01 -3.235779848162952804e-02 -1.399916621801747807e-01 -9.820542638934405197e-05 -1.536164052626664278e-01 9.238975740869055306e-03
3.162277660168379297e+13 -4.209071538310893423e-02 -8.983204778329711981e-02 1.199262483595302589e-02 -1.484087098603998900e-01 6.709515473714755540e-02 -1.553181850495835847e-01 7.689193656775288044e-02
3.981071705534969531e+13 6.918615823252214584e-04 -7.092888373771569221e-02 6.527722784648573584e-02 -1.160582514980117441e-01 1.355279282847804689e-01 -1.278851152729849061e-01 1.783592094652014792e-01
5.011872336272714844e+13 2.712006019960862269e-02 -4.232003408878287631e-02 1.044553317918565510e-01 -1.187638500640440797e-01 2.030910442149340689e-01 -1.417302402622511448e-01 3.101821325079365255e-01
