# M200c[Msun] <corr> corr+ corr- corr++ corr-- corr+++ corr---
1.000000000000000000e+11 -9.453987360061037737e-02 -9.597568719818620753e-02 -9.267802940964767200e-02 -9.797117381916349566e-02 -9.114535706627649447e-02 -9.801827266209102441e-02 -9.052942602535796190e-02
1.258925411794166107e+11 -9.158461246309540504e-02 -9.289618122605468320e-02 -8.981130475250738432e-02 -9.424306335256360523e-02 -8.861369586425216216e-02 -9.544645127572437548e-02 -8.856951125214174159e-02
1.584893192461110840e+11 -8.755045384339774084e-02 -8.895809372501073398e-02 -8.585768662006637575e-02 -9.040838584954452584e-02 -8.484037355091333943e-02 -9.180135275277458151e-02 -8.254206891888805908e-02
1.995262314968882751e+11 -8.296791221129376503e-02 -8.456754304225626295e-02 -8.069970511024215920e-02 -8.637929006713646052e-02 -7.896721917648075184e-02 -8.943702739341491403e-02 -7.832756709995591926e-02
2.511886431509582214e+11 -7.686406005734991442e-02 -7.853848918447174643e-02 -7.529149005852284193e-02 -7.995945712555246887e-02 -7.328165858682234024e-02 -8.134091735407480983e-02 -7.274534370187993315e-02
3.162277660168379517e+11 -7.047662814228254635e-02 -7.288179996081428635e-02 -6.830300811644332559e-02 -7.474801179403553486e-02 -6.602230996880473213e-02 -7.718092266623473308e-02 -6.540475848578214402e-02
3.981071705534969482e+11 -6.427542061056204514e-02 -6.638288815256010444e-02 -6.215631251456855966e-02 -6.842336698755496771e-02 -6.002897226185757024e-02 -6.961583828503817295e-02 -5.776509029985436167e-02
5.011872336272714844e+11 -5.815958831391534328e-02 -6.085696607366042343e-02 -5.544511657086900053e-02 -6.370063838716319427e-02 -5.405359769346738952e-02 -6.515931625790440107e-02 -5.244789359973106579e-02
6.309573444801943359e+11 -5.219591336662553205e-02 -5.491761153886374341e-02 -4.960187204748256473e-02 -5.789535375994205035e-02 -4.661344494527583371e-02 -5.842498074131405317e-02 -4.404271984269390872e-02
7.943282347242821045e+11 -4.628391928028149221e-02 -4.898051734355783615e-02 -4.270776577963034809e-02 -5.295154602020392398e-02 -3.839368486263008973e-02 -5.402732109377234027e-02 -3.767267955521758083e-02
1.000000000000000000e+12 -3.989727382952675677e-02 -4.396171486596268246e-02 -3.536418864060666273e-02 -4.736713013366583569e-02 -3.204635547690064951e-02 -4.926864961285971900e-02 -3.135459144468636522e-02
1.258925411794166260e+12 -3.263518541377747467e-02 -3.723218428469642072e-02 -2.758007916907383866e-02 -3.992815787316783549e-02 -2.432088384377520743e-02 -4.068610508315214508e-02 -2.370953739250512143e-02
1.584893192461110840e+12 -2.511415318932658930e-02 -3.041914434049122415e-02 -2.053120802756282920e-02 -3.353421036842266917e-02 -1.629930172916753753e-02 -3.719456925239266604e-02 -1.125613316335916624e-02
1.995262314968882812e+12 -1.624081686929099155e-02 -2.238551156524958702e-02 -1.044878036459177470e-02 -2.525395762717684567e-02 -4.981414674709415055e-03 -2.754617617997331264e-02 1.893413012544113358e-03
2.511886431509582031e+12 -8.499703142676888479e-03 -1.657237989501064365e-02 -1.869406473912551886e-03 -2.158901370599218550e-02 4.084601830432025432e-03 -2.253773169363388479e-02 7.081087033753775614e-03
3.162277660168379395e+12 3.597624591779514502e-03 -5.781226890526045686e-03 1.081944441101895422e-02 -1.168299167167835204e-02 1.804759268460189026e-02 -1.711183921510829944e-02 2.383239496755116399e-02
3.981071705534969238e+12 1.675494292460889822e-02 9.267490514919506095e-03 2.224778807772790148e-02 1.140228036745078409e-03 3.112207808666286185e-02 -7.467549526940236646e-03 3.795417842003680209e-02
5.011872336272714844e+12 2.704502636606761351e-02 1.887913824712323177e-02 3.583396118850798451e-02 1.046188646468017985e-02 4.229789047167113736e-02 8.932925603850880303e-03 5.278581191325720789e-02
6.309573444801942383e+12 3.717505091674496581e-02 2.606134487039675485e-02 5.116991183610676563e-02 9.199659010840738685e-03 5.862717623906319592e-02 7.583497230307450002e-03 6.114221731232694079e-02
7.943282347242821289e+12 4.388030758055539576e-02 3.202571661956763599e-02 5.804834018019396080e-02 2.423479710831994566e-02 6.875983916587005695e-02 2.223344846791977872e-02 7.788963781065665060e-02
1.000000000000000000e+13 5.886921772034726941e-02 4.147906195299900373e-02 7.394894052672484897e-02 2.796548209554504394e-02 8.844963094261343306e-02 1.421465405160268584e-02 9.212099747212226797e-02
1.258925411794166211e+13 6.438916764522853442e-02 4.661414861923791203e-02 7.789982189140287616e-02 2.953897141184785163e-02 9.103094280396120674e-02 1.518269251176502729e-02 1.048921522657933758e-01
1.584893192461110938e+13 6.647325597353732907e-02 4.737366520579588958e-02 8.525227477050767444e-02 2.632097752870557472e-02 1.200351044238340825e-01 1.792032836319054634e-02 1.282686526035075325e-01
1.995262314968882812e+13 7.577103984919253410e-02 5.768709040782865616e-02 9.524346205730357950e-02 3.353398028442286516e-02 1.164780109304111300e-01 2.022638450467392074e-02 1.574384697301339509e-01
2.511886431509582031e+13 8.347100070738119881e-02 5.625954238084390074e-02 1.143475005292233782e-01 3.319020936555500123e-02 1.429206841525821892e-01 3.009007036616730135e-02 1.515895295319942548e-01
3.162277660168379297e+13 1.020190722222787394e-01 6.726364879368952610e-02 1.335166122383951159e-01 1.473531433129993823e-02 1.725727867222823231e-01 -7.638905957667870006e-03 1.764488716630255583e-01
3.981071705534969531e+13 1.236330057534837101e-01 8.732748847906372791e-02 1.705371811998614984e-01 4.307530791845037843e-02 2.045976481781945355e-01 -1.278773265578203588e-02 2.410013637131395159e-01
5.011872336272714844e+13 1.257998927273583090e-01 6.526970951740977689e-02 1.862196062859853285e-01 2.215049948163337265e-02 2.586466762675815323e-01 6.802261203225556593e-03 3.070567524287671213e-01
6.309573444801942969e+13 1.428276417316728109e-01 9.396965669499773854e-02 1.974843200292080159e-01 4.757516883045022349e-02 2.701951114039630730e-01 8.657724609434527471e-03 3.048608612741922075e-01
7.943282347242821875e+13 1.823558182095296742e-01 1.194381622229727519e-01 2.501710036957086603e-01 2.754281011323129330e-02 3.225918424748701052e-01 7.089839444075783648e-03 3.691325848485102479e-01
