# M200c[Msun] <corr> corr+ corr- corr++ corr-- corr+++ corr---
1.000000000000000000e+11 -1.494331869667639978e-01 -1.506831389477323313e-01 -1.476487711395807478e-01 -1.516577244641332256e-01 -1.463019654777574785e-01 -1.518937360937971937e-01 -1.457857970963918059e-01
1.258925411794166107e+11 -1.453436870456987773e-01 -1.470185741239483368e-01 -1.437697220813606291e-01 -1.487445440458718959e-01 -1.416599725367706231e-01 -1.497178818229914499e-01 -1.410594956937035183e-01
1.584893192461110840e+11 -1.413040683641457185e-01 -1.426131756083278135e-01 -1.400207595199734201e-01 -1.445492061862683197e-01 -1.380128488307154622e-01 -1.464021577438891497e-01 -1.371268165518139126e-01
1.995262314968882751e+11 -1.382257966125728377e-01 -1.400050185690727422e-01 -1.362830219678927979e-01 -1.413349856029094131e-01 -1.347909168204224906e-01 -1.417741120304511770e-01 -1.343728684690700115e-01
2.511886431509582214e+11 -1.351598141997998603e-01 -1.368996624506079729e-01 -1.332214983439993783e-01 -1.392694323091503705e-01 -1.303285783991989799e-01 -1.400218777349051813e-01 -1.294269709865098206e-01
3.162277660168379517e+11 -1.333235489408349794e-01 -1.348624859797102338e-01 -1.311094285580247654e-01 -1.371754456361492513e-01 -1.289117299608557032e-01 -1.381806755703228751e-01 -1.286404811927479019e-01
3.981071705534969482e+11 -1.313022222700750974e-01 -1.335550382323782148e-01 -1.286687246369855597e-01 -1.365376751264307797e-01 -1.261577835428667194e-01 -1.380124246718488490e-01 -1.256438431728445493e-01
5.011872336272714844e+11 -1.300430790165167383e-01 -1.321457440688618701e-01 -1.272196302191809514e-01 -1.348977555965194530e-01 -1.246344525708206752e-01 -1.361903673303835882e-01 -1.240640077713372480e-01
6.309573444801943359e+11 -1.271563439054420042e-01 -1.306477250463063955e-01 -1.241674730643054919e-01 -1.329465967681107141e-01 -1.213202222020684923e-01 -1.346460512844947777e-01 -1.191026234916767873e-01
7.943282347242821045e+11 -1.270205550927964167e-01 -1.302414818266805496e-01 -1.237287683096334606e-01 -1.336005775408947160e-01 -1.213574977856687748e-01 -1.382903997287583397e-01 -1.205253874502326961e-01
1.000000000000000000e+12 -1.270103020812790029e-01 -1.310563063020490637e-01 -1.235938657348160524e-01 -1.334036843284641116e-01 -1.206266000901327073e-01 -1.352245399876582099e-01 -1.163155059203914155e-01
1.258925411794166260e+12 -1.284632629700653283e-01 -1.316876142729276611e-01 -1.251009069011597141e-01 -1.353976299349489154e-01 -1.217561543560398141e-01 -1.360897511398583004e-01 -1.199966652790751404e-01
1.584893192461110840e+12 -1.287495858696922901e-01 -1.348687686784064144e-01 -1.254254945987267611e-01 -1.391590752473596815e-01 -1.214200604120157651e-01 -1.437244100759845211e-01 -1.149365954746612434e-01
1.995262314968882812e+12 -1.310836702967396183e-01 -1.356217727204616641e-01 -1.272739749937227272e-01 -1.393688487101182039e-01 -1.209839997540375078e-01 -1.434817622745659105e-01 -1.173967074297381508e-01
2.511886431509582031e+12 -1.323883719908389711e-01 -1.374374734037686896e-01 -1.267666000490094702e-01 -1.429636011135630436e-01 -1.205109005843453263e-01 -1.465855323959487366e-01 -1.177976548303787951e-01
3.162277660168379395e+12 -1.337654655195343600e-01 -1.398539173287448589e-01 -1.280016947723709164e-01 -1.460842411376306327e-01 -1.239366022426181269e-01 -1.483616263779127531e-01 -1.195197751609047565e-01
3.981071705534969238e+12 -1.356077523732658607e-01 -1.409924713256691109e-01 -1.280123036234085687e-01 -1.483291166978659426e-01 -1.215262974769994730e-01 -1.512106119669542337e-01 -1.175248093641171054e-01
5.011872336272714844e+12 -1.392077385306578763e-01 -1.462337704227907043e-01 -1.308396923297305281e-01 -1.556635581258953849e-01 -1.228064523834937471e-01 -1.572402046155435829e-01 -1.205495649496730048e-01
6.309573444801942383e+12 -1.456354082644676917e-01 -1.558069415007190817e-01 -1.379040760628783002e-01 -1.636431199187120544e-01 -1.284825715711143679e-01 -1.652085477669412161e-01 -1.267221221038164758e-01
7.943282347242821289e+12 -1.525490420387358159e-01 -1.621657262799411914e-01 -1.433015729814098860e-01 -1.699249205285538467e-01 -1.369002601239875661e-01 -1.756212705554992259e-01 -1.339393408853788714e-01
1.000000000000000000e+13 -1.602849167552658494e-01 -1.698566068228191395e-01 -1.501239119078587592e-01 -1.784317814410412706e-01 -1.374139869093458088e-01 -1.869126000540079213e-01 -1.284974440040251575e-01
1.258925411794166211e+13 -1.661475126897724031e-01 -1.767330192738001127e-01 -1.549146452987398559e-01 -1.840068133750441537e-01 -1.458403606027413035e-01 -1.934336655333608879e-01 -1.369129149464843320e-01
1.584893192461110938e+13 -1.636545033151821926e-01 -1.792713105119272399e-01 -1.512453240628079398e-01 -1.939892526645700943e-01 -1.413479154770356794e-01 -1.959226088021145673e-01 -1.356946159286338549e-01
1.995262314968882812e+13 -1.624142598723514186e-01 -1.769430458650686766e-01 -1.465663669335121044e-01 -1.902331839347525255e-01 -1.328008203877113491e-01 -2.060055539348866205e-01 -1.246008441995200000e-01
2.511886431509582031e+13 -1.610290622496484692e-01 -1.774875469775061554e-01 -1.434598606695128287e-01 -1.882356855291684727e-01 -1.321475789867703199e-01 -1.965908999064804319e-01 -1.004300729544990306e-01
3.162277660168379297e+13 -1.657533896794711192e-01 -1.847362952653566759e-01 -1.468515641739514266e-01 -2.008693854084098729e-01 -1.261609472570653923e-01 -2.086206432651788734e-01 -9.424576991084177013e-02
3.981071705534969531e+13 -1.762944229007900876e-01 -1.997153533075525789e-01 -1.577955761014734892e-01 -2.189845181299239218e-01 -1.367124715116239397e-01 -2.399736502364545054e-01 -1.310544256551932074e-01
5.011872336272714844e+13 -1.816889200950887184e-01 -2.015575378613015389e-01 -1.480962857908232344e-01 -2.235092731571816649e-01 -1.301217100386285463e-01 -2.438323054189379391e-01 -1.066581277825027624e-01
6.309573444801942969e+13 -1.988315526282997125e-01 -2.267679443744954892e-01 -1.714935433976977341e-01 -2.529121287420984521e-01 -1.318782556062826627e-01 -2.682145559200759255e-01 -1.218883118801731974e-01
7.943282347242821875e+13 -2.026791255133516823e-01 -2.353241853055303701e-01 -1.747658770675115658e-01 -2.615060724006180726e-01 -1.555441581116570604e-01 -2.695437403782167118e-01 -1.340008059012881558e-01
1.000000000000000000e+14 -2.104683006206294615e-01 -2.447794889908607163e-01 -1.800059695507862934e-01 -2.886185295961369857e-01 -1.508025340242040990e-01 -3.264883385190336940e-01 -1.399789224534657428e-01
1.258925411794166250e+14 -2.372430676730396537e-01 -2.822712644407823213e-01 -2.024205168809503352e-01 -3.337877458313681656e-01 -1.664144003996470556e-01 -3.855657498575199571e-01 -1.266702089027667288e-01
1.584893192461110938e+14 -2.569120239219578328e-01 -2.929288116872530989e-01 -2.108366816635356689e-01 -3.393334614427015450e-01 -1.337475559164072458e-01 -3.501475068766916054e-01 -9.807486080486975399e-02
1.995262314968882812e+14 -2.743638977883551822e-01 -3.381764970399135928e-01 -2.232187833048911441e-01 -3.795718581844821915e-01 -1.885290260862158285e-01 -4.012739160009560768e-01 -1.406951863155859184e-01
2.511886431509582188e+14 -2.636426638995872374e-01 -3.219350331178681968e-01 -2.059138908998955630e-01 -3.862138146701967201e-01 -1.435321045457582656e-01 -4.584359373554626194e-01 -9.091893422764145416e-02
3.162277660168379375e+14 -2.655645645036049385e-01 -3.296167088304743920e-01 -1.760357690411693543e-01 -3.898046068062605007e-01 -1.108018312352808676e-01 -4.427093491080965615e-01 -9.431305901828278271e-02
