# M200c[Msun] <corr> corr+ corr- corr++ corr-- corr+++ corr---
1.000000000000000000e+10 5.493392355717732212e-01 5.474732946890636942e-01 5.516721662591719255e-01 5.458392435568193424e-01 5.528311077493706094e-01 5.423428138083650207e-01 5.553074540827180883e-01
1.258925411794166183e+10 5.671023134593671244e-01 5.654236129439191849e-01 5.692868052863506723e-01 5.632524709900625925e-01 5.715025950032652791e-01 5.618725763572652854e-01 5.721957596701959803e-01
1.584893192461110878e+10 5.877760483736174102e-01 5.860905212852618451e-01 5.901288299056618447e-01 5.849754461115550530e-01 5.917550493259620126e-01 5.844398296812345350e-01 5.927730478589892105e-01
1.995262314968882751e+10 6.097433196956115742e-01 6.073178547479264333e-01 6.121153048753481540e-01 6.057867145472586312e-01 6.139435095484621074e-01 6.051092113885382373e-01 6.158789164585158904e-01
2.511886431509582138e+10 6.301070066576938133e-01 6.272711935599298849e-01 6.328454511464017829e-01 6.258178221520324103e-01 6.342870417130201943e-01 6.218073621785976668e-01 6.347216745473346355e-01
3.162277660168379211e+10 6.489447397935087514e-01 6.463381322648773519e-01 6.516203105512049509e-01 6.448799810005364508e-01 6.535039999020080259e-01 6.445132783969318435e-01 6.542708790549849329e-01
3.981071705534969330e+10 6.650689742627673429e-01 6.625666946501591603e-01 6.679204777328473508e-01 6.595780945676177343e-01 6.710505370280952508e-01 6.578476799937906794e-01 6.723898564876668038e-01
5.011872336272714996e+10 6.764918970277578048e-01 6.737762596244972757e-01 6.796254933148691002e-01 6.712780752829702324e-01 6.820154533756856985e-01 6.701706770013748926e-01 6.824902948499754762e-01
6.309573444801942444e+10 6.878470462454776557e-01 6.849158523906023754e-01 6.905847058725200771e-01 6.817474601591384520e-01 6.941995356362190561e-01 6.802455774702731439e-01 6.952718379475162358e-01
7.943282347242822266e+10 6.938883392953383300e-01 6.903213921776052420e-01 6.979182944072647166e-01 6.882726342875378212e-01 7.019298602212695748e-01 6.874607703248869495e-01 7.055415925491573814e-01
1.000000000000000000e+11 6.989854324364599414e-01 6.943644967501607645e-01 7.018999613175470609e-01 6.927377720306400199e-01 7.050350435003266414e-01 6.902195127550493359e-01 7.073246335897350745e-01
1.258925411794166107e+11 7.003257286077895216e-01 6.964208495354470285e-01 7.047926538519051487e-01 6.903827222620022575e-01 7.105105253670718213e-01 6.889816910015222895e-01 7.121075734126511847e-01
1.584893192461110840e+11 6.991852502179842777e-01 6.946286994728122499e-01 7.041605167353557349e-01 6.915214047030473488e-01 7.099563237510122526e-01 6.884208409793617367e-01 7.118912955787789487e-01
1.995262314968882751e+11 6.997761096731317521e-01 6.946909717391172023e-01 7.047870054530338546e-01 6.901866559055470640e-01 7.108401385509870440e-01 6.848262615120094265e-01 7.147933737400813392e-01
2.511886431509582214e+11 7.002063955476944823e-01 6.929565397029832097e-01 7.067705354450519728e-01 6.852959233875171030e-01 7.104539904735849287e-01 6.817084117518523723e-01 7.162892006912250364e-01
3.162277660168379517e+11 7.050729277673688511e-01 6.969468044424860231e-01 7.118555112620890135e-01 6.915265848950298277e-01 7.179942345584267027e-01 6.893049581749888244e-01 7.229706315353793267e-01
3.981071705534969482e+11 7.102931837551017535e-01 7.030847788180853986e-01 7.174619218916388208e-01 6.978557081554044306e-01 7.239444380934045853e-01 6.951363677668402907e-01 7.250213816113575405e-01
5.011872336272714844e+11 7.154820011011873149e-01 7.072901687262186377e-01 7.214593400785451749e-01 7.007535676043294970e-01 7.319835784129480327e-01 6.927973641504984181e-01 7.399732257021852666e-01
6.309573444801943359e+11 7.185117952828449228e-01 7.098818988110080497e-01 7.278045609435390695e-01 7.003508589836888731e-01 7.343041495516624551e-01 6.964776051828482917e-01 7.381069122119692238e-01
7.943282347242821045e+11 7.209398650299061462e-01 7.125584333979338991e-01 7.292129135427655173e-01 7.021011846322187111e-01 7.382938515990431494e-01 6.916193085964252862e-01 7.493862542510403291e-01
1.000000000000000000e+12 7.177067078166221581e-01 7.106876278407704417e-01 7.255836577008367705e-01 7.024790866349165386e-01 7.366033518659849122e-01 6.974539358466999017e-01 7.407774757371773378e-01
1.258925411794166260e+12 7.175063157867913599e-01 7.038936642299891133e-01 7.292611861841934440e-01 6.922819149187751098e-01 7.373313668504946072e-01 6.849401450765590926e-01 7.391016421458135310e-01
1.584893192461110840e+12 7.170249412363586261e-01 7.085447893419613008e-01 7.267714311303092867e-01 6.958882157811343561e-01 7.344859937659183879e-01 6.889663503318260718e-01 7.390911734021304857e-01
1.995262314968882812e+12 7.086256104439234704e-01 6.946123842658309400e-01 7.234128052293234967e-01 6.866268903553287561e-01 7.306917052912920152e-01 6.861638053284817573e-01 7.368585912305515295e-01
2.511886431509582031e+12 7.037782828535752433e-01 6.899834122775444500e-01 7.226710705785401867e-01 6.752934683033984253e-01 7.389402931477402348e-01 6.646580425858332752e-01 7.455127018473540756e-01
3.162277660168379395e+12 6.991327576733195048e-01 6.770135467413512798e-01 7.140737834681645246e-01 6.639755114365728517e-01 7.277015188244597699e-01 6.496537666884979467e-01 7.392630806058643200e-01
3.981071705534969238e+12 6.767537337108751050e-01 6.597969507511333154e-01 6.994498609922880084e-01 6.512566954416431075e-01 7.167199373392461048e-01 6.364987537484667612e-01 7.407530286429682143e-01
5.011872336272714844e+12 6.563957200123831104e-01 6.321834939762044359e-01 6.789784445746710473e-01 6.111590945682531251e-01 6.977684939676969123e-01 6.047000777546162054e-01 6.999006989163956138e-01
6.309573444801942383e+12 6.471212555102823227e-01 6.190202537402514915e-01 6.705667388264576756e-01 5.837664184401885059e-01 6.922714906484126463e-01 5.585460490598975758e-01 7.028791481531920793e-01
7.943282347242821289e+12 6.403866301144760520e-01 6.085563557609731111e-01 6.663282536669907774e-01 5.649225172989891242e-01 6.965024488026904104e-01 5.423767322861996476e-01 7.102164200587314236e-01
1.000000000000000000e+13 6.353888382473213969e-01 6.021549160343369067e-01 6.704076326199620572e-01 5.719471233958024481e-01 6.990992384869899601e-01 5.398848905097514139e-01 7.352614749979703435e-01
1.258925411794166211e+13 6.275742181656165375e-01 5.923317939786018060e-01 6.623284346129286737e-01 5.499596925363899880e-01 7.081567381150986051e-01 5.320895978532005355e-01 7.255898268167138010e-01
1.584893192461110938e+13 6.167224988624282478e-01 5.557606307236941934e-01 6.657976383522790087e-01 5.035155832966274891e-01 6.961324448169154966e-01 4.844136080859289262e-01 7.229091926796661349e-01
1.995262314968882812e+13 5.876280667052236062e-01 5.171005343173146196e-01 6.423034135397531763e-01 4.382339427227952555e-01 6.760276302943197813e-01 4.055689674255448240e-01 7.077249924023125693e-01
2.511886431509582031e+13 5.636945018027841314e-01 4.966870297898189346e-01 6.273991336432704902e-01 4.524008406002121285e-01 6.623693239034257330e-01 4.098290123128240370e-01 6.735130665386575011e-01
