# M200c[Msun] <corr> corr+ corr- corr++ corr-- corr+++ corr---
1.000000000000000000e+09 -2.769757487637795057e-01 -2.817248772225877107e-01 -2.727788875323848838e-01 -2.851170872259731204e-01 -2.667613311634994822e-01 -2.855010362341311447e-01 -2.637029949312112986e-01
1.258925411794166088e+09 -2.821849452337172326e-01 -2.860453063048614686e-01 -2.776539416177307151e-01 -2.916164768470378976e-01 -2.736403215282900425e-01 -2.942674299475109279e-01 -2.716698129381389659e-01
1.584893192461110830e+09 -2.888290790268407959e-01 -2.918278430827221381e-01 -2.841558654259178085e-01 -2.987401968027175170e-01 -2.796526779129410722e-01 -3.002906991650664548e-01 -2.748350676670676118e-01
1.995262314968882799e+09 -2.960752568571774490e-01 -3.003879158011000805e-01 -2.907107994659002825e-01 -3.068314044315219036e-01 -2.858828223753158149e-01 -3.091933092557184182e-01 -2.831482993181130281e-01
2.511886431509582043e+09 -3.053779998355957703e-01 -3.090185342113165312e-01 -2.996771464942458163e-01 -3.137525803226783871e-01 -2.943334697790348509e-01 -3.168791985884419349e-01 -2.940902442924147597e-01
3.162277660168379307e+09 -3.138873375802815335e-01 -3.205594851843530102e-01 -3.079692075956734776e-01 -3.256006234354867357e-01 -3.029092200006873181e-01 -3.273138000540828929e-01 -3.024710134319714694e-01
3.981071705534969330e+09 -3.223636897748257124e-01 -3.286506103403668000e-01 -3.155963236768256075e-01 -3.331651493857483159e-01 -3.114720714290584169e-01 -3.375759124306418890e-01 -3.078410435580603011e-01
5.011872336272714615e+09 -3.298756381841834173e-01 -3.356083743987821610e-01 -3.222070149822027219e-01 -3.457938283483414366e-01 -3.171006819138345589e-01 -3.495099690137355442e-01 -3.120780930139752107e-01
6.309573444801942825e+09 -3.371812656510828621e-01 -3.428790779370557429e-01 -3.298272653684862221e-01 -3.477488003654533588e-01 -3.244238298944461252e-01 -3.529693525897995010e-01 -3.172237650505541628e-01
7.943282347242821693e+09 -3.410100350191127561e-01 -3.499363825848501586e-01 -3.305863804778454429e-01 -3.561284092211240426e-01 -3.260952603345087519e-01 -3.580508337467916413e-01 -3.194632495704264330e-01
1.000000000000000000e+10 -3.508696199691497819e-01 -3.583640247240001409e-01 -3.409235875936806881e-01 -3.650435762449948385e-01 -3.345304307323258008e-01 -3.679195665383357960e-01 -3.333940517298848993e-01
1.258925411794166183e+10 -3.582805833277443730e-01 -3.663030304823433614e-01 -3.467792800449657209e-01 -3.761808943374940206e-01 -3.402960354726345948e-01 -3.794921801263476668e-01 -3.344469290236267711e-01
1.584893192461110878e+10 -3.638085062303866302e-01 -3.771011410953472032e-01 -3.548978446311233381e-01 -3.831846696449745515e-01 -3.436218834617219553e-01 -3.867931222187322438e-01 -3.380926008491661472e-01
1.995262314968882751e+10 -3.696925684303862258e-01 -3.777689610511337781e-01 -3.578159204706506946e-01 -3.870879822409091786e-01 -3.514304565777839340e-01 -3.974947166592121550e-01 -3.476550966842581469e-01
2.511886431509582138e+10 -3.785449008517903224e-01 -3.903895964220805426e-01 -3.668957741685348051e-01 -3.995529875431031996e-01 -3.542113861205952174e-01 -4.078821351708180054e-01 -3.497059683695297183e-01
3.162277660168379211e+10 -3.860413292429567544e-01 -3.994134299104625252e-01 -3.708467160032236642e-01 -4.085799209992952430e-01 -3.525805765557670224e-01 -4.173415403685822311e-01 -3.442274239992516582e-01
3.981071705534969330e+10 -3.866430864930122668e-01 -3.994995949434258509e-01 -3.737546776038059848e-01 -4.153560748176320927e-01 -3.600254273614827971e-01 -4.228363745053690392e-01 -3.501469545808763018e-01
5.011872336272714996e+10 -3.812846578108430862e-01 -4.036430757798029623e-01 -3.665424250403933604e-01 -4.123648347958477345e-01 -3.502131421640556352e-01 -4.166612867389073993e-01 -3.365281059041582146e-01
6.309573444801942444e+10 -3.849524257740304378e-01 -4.042860537475833627e-01 -3.657830648615965075e-01 -4.117053372527569310e-01 -3.483821563493199047e-01 -4.142702695882990449e-01 -3.394154896114067177e-01
7.943282347242822266e+10 -3.909232612256838824e-01 -4.140813845864820264e-01 -3.732620714568217757e-01 -4.256572515297405990e-01 -3.492615998302792124e-01 -4.327549338414626301e-01 -3.382012857497742053e-01
1.000000000000000000e+11 -4.046152974086738574e-01 -4.279847932712307901e-01 -3.800370903710815762e-01 -4.465450680829681773e-01 -3.636496080600974956e-01 -4.680565787858563809e-01 -3.591039896520364372e-01
1.258925411794166107e+11 -4.229816661621305096e-01 -4.479371612682192527e-01 -4.069194011724528437e-01 -4.624368601402082390e-01 -3.845457768877131310e-01 -4.703437031619855935e-01 -3.744683707409893758e-01
1.584893192461110840e+11 -4.492462719153931250e-01 -4.714674478623447351e-01 -4.163312754173057462e-01 -4.960859897516032291e-01 -3.956485259642535945e-01 -5.065440071228842767e-01 -3.741404286592845407e-01
1.995262314968882751e+11 -4.688846016100806091e-01 -4.924070495161724792e-01 -4.324139308399724824e-01 -5.110819928701224590e-01 -4.032333101435586764e-01 -5.272981698283322194e-01 -3.927878059481108020e-01
2.511886431509582214e+11 -4.708000449678068078e-01 -4.926214145325856775e-01 -4.348599581095649036e-01 -5.178447612903156472e-01 -4.093776299160449827e-01 -5.294069231540753373e-01 -4.000713817590186849e-01
3.162277660168379517e+11 -4.643670239077292150e-01 -4.958546333619445190e-01 -4.291080425390391140e-01 -5.199483317478684752e-01 -4.012164149718840389e-01 -5.340660826041043752e-01 -3.905348701139079171e-01
3.981071705534969482e+11 -4.322586203599078081e-01 -4.670412417499590907e-01 -3.946862062244342328e-01 -4.955975586729887139e-01 -3.572219387483195341e-01 -5.001011703366396999e-01 -3.440109266542628053e-01
5.011872336272714844e+11 -3.897868117375896668e-01 -4.366769360914037335e-01 -3.509579946423984631e-01 -4.664377490823923833e-01 -3.156335928944059566e-01 -5.031496507939814400e-01 -2.928380398974770871e-01
6.309573444801943359e+11 -3.752709420242240634e-01 -4.284872227573303660e-01 -3.318881847215386371e-01 -4.573074353624235755e-01 -2.675652787699144275e-01 -4.825660318897997403e-01 -2.641923579418282708e-01
7.943282347242821045e+11 -3.699410120709051841e-01 -4.291588260724214510e-01 -3.205155646104945188e-01 -4.919458815360698845e-01 -2.835375863102495009e-01 -5.124257854995667438e-01 -2.162968260888546435e-01
1.000000000000000000e+12 -3.942250907122245573e-01 -4.532381909238981654e-01 -3.339006631195472474e-01 -4.962563817301139935e-01 -2.602257326613732769e-01 -5.207431947146945461e-01 -2.285291896550367130e-01
1.258925411794166260e+12 -4.432248785756231491e-01 -5.027425625460850700e-01 -3.747610509751514996e-01 -5.459416976711048974e-01 -2.908528681608782973e-01 -5.735256400040271707e-01 -2.675412463455488221e-01
1.584893192461110840e+12 -4.880523098384167424e-01 -5.432245079369899532e-01 -4.028579410091167601e-01 -6.069946321628548747e-01 -3.068216101704731580e-01 -6.224474448762873369e-01 -3.048832891461575323e-01
1.995262314968882812e+12 -5.251970950514222025e-01 -5.742900545556554048e-01 -4.580327810995744597e-01 -6.271063993023204830e-01 -4.001886789187522053e-01 -6.461487476809339991e-01 -3.515834594160870408e-01
2.511886431509582031e+12 -5.208810926393716567e-01 -5.689969735459278199e-01 -4.587753911457178035e-01 -6.296239018371904139e-01 -3.880606200766004155e-01 -6.762228924458416612e-01 -3.232398757084543051e-01
3.162277660168379395e+12 -5.390862431915972586e-01 -5.844955656233413732e-01 -4.604803972547735214e-01 -6.541043776397728049e-01 -3.627325947000051287e-01 -6.834398147456521855e-01 -3.311755375201954621e-01
