# M200c[Msun] <corr> corr+ corr- corr++ corr-- corr+++ corr---
1.000000000000000000e+09 1.918314880987101179e-01 1.712040777742476760e-01 2.105764995514768367e-01 1.547894743082190161e-01 2.334120177801710105e-01 1.387718677579828086e-01 2.451258879155475412e-01
1.258925411794166088e+09 2.019655804181315073e-01 1.872027966769448104e-01 2.179305293799237986e-01 1.714564524203249785e-01 2.489962529889007958e-01 1.468172168617908335e-01 2.574675729323516737e-01
1.584893192461110830e+09 2.175663246363088443e-01 1.999704157589756726e-01 2.330594634902338202e-01 1.853297962868011850e-01 2.494706479103122598e-01 1.745654723196192193e-01 2.551986024507169604e-01
1.995262314968882799e+09 2.382080248618386742e-01 2.201585018066423705e-01 2.575649273389941651e-01 1.948784695402784317e-01 2.747988532258419658e-01 1.915545395110715421e-01 2.810590273993477384e-01
2.511886431509582043e+09 2.537846148072768759e-01 2.331115990768914958e-01 2.753013287927206232e-01 2.175281690114151956e-01 2.992189706734788568e-01 2.008800208590643677e-01 3.225775835428376648e-01
3.162277660168379307e+09 2.725170009672029381e-01 2.439729893277509665e-01 3.049816668314075385e-01 2.220981520434135714e-01 3.239951014918390770e-01 2.068111219732792772e-01 3.320348456709469320e-01
3.981071705534985542e+09 2.823430195057083925e-01 2.525093753765130788e-01 3.139855850274688720e-01 2.055116321327717932e-01 3.450408647322954492e-01 1.883171790711138660e-01 3.693132741566606536e-01
5.011872336272735596e+09 2.854519394759614803e-01 2.383803615268226261e-01 3.224302393430601987e-01 2.101367315263462376e-01 3.635964287595239708e-01 1.758662346796678044e-01 3.778634309323400942e-01
6.309573444801942825e+09 2.812185833140505853e-01 2.301630533019781155e-01 3.453225029365618592e-01 1.746274081481079543e-01 4.074057416030656409e-01 1.420209794083476529e-01 4.122283202490069631e-01
