# M200c[Msun] <corr> corr+ corr- corr++ corr-- corr+++ corr---
1.000000000000000000e+10 -1.951945945771302593e-01 -1.984396749451901865e-01 -1.920623833214822884e-01 -2.017334949744514772e-01 -1.881457030722459289e-01 -2.038806257576617487e-01 -1.873694688567969779e-01
1.258925411794166183e+10 -1.936105133701671588e-01 -1.965429139256247293e-01 -1.904028976381487714e-01 -1.992715038851379794e-01 -1.885140377565414638e-01 -1.996945130335547602e-01 -1.872590408327773626e-01
1.584893192461110878e+10 -1.926251560900317794e-01 -1.958471836485756179e-01 -1.897606912231352694e-01 -1.981187214727682666e-01 -1.874390278863813375e-01 -1.992824613479424189e-01 -1.854411218904866432e-01
1.995262314968882751e+10 -1.918897480018630086e-01 -1.961561620571807274e-01 -1.881094001554135253e-01 -1.996606909197000679e-01 -1.844713530748986752e-01 -2.009845512585956562e-01 -1.820811644221577985e-01
2.511886431509582138e+10 -1.935572023335458414e-01 -1.972855544570052411e-01 -1.899811912085664078e-01 -2.006658899861643586e-01 -1.865933592808228236e-01 -2.045023350578407673e-01 -1.847649588502448814e-01
3.162277660168379211e+10 -1.966517908834682360e-01 -2.009978327697261313e-01 -1.935204928361901611e-01 -2.039750519326203049e-01 -1.896257977155624275e-01 -2.066094015175255205e-01 -1.879686725221835220e-01
3.981071705534969330e+10 -1.999754492635464898e-01 -2.042734307163949214e-01 -1.962900348011972218e-01 -2.074569780760254778e-01 -1.923580216379607022e-01 -2.088030962051571071e-01 -1.891629444880255639e-01
5.011872336272714996e+10 -2.029733605568798671e-01 -2.071767098350317526e-01 -1.988682801711802450e-01 -2.114634073079575127e-01 -1.931303434694018051e-01 -2.170397734590994721e-01 -1.908130169484675009e-01
6.309573444801942444e+10 -2.030899848897920190e-01 -2.077755125601568054e-01 -1.967454976057008975e-01 -2.120120451192164523e-01 -1.924039129616802457e-01 -2.149071692111041432e-01 -1.855360771391280916e-01
7.943282347242822266e+10 -1.973660300548818469e-01 -2.044150180884890533e-01 -1.918290971087937280e-01 -2.119330402687913395e-01 -1.856006042457439831e-01 -2.170256571547552471e-01 -1.825820840350631247e-01
1.000000000000000000e+11 -1.905756139241570613e-01 -1.959269981838987207e-01 -1.829865607259100746e-01 -2.042290774460833735e-01 -1.768595767033310229e-01 -2.075918874597782460e-01 -1.748731532536869915e-01
1.258925411794166107e+11 -1.796431495500657727e-01 -1.862721964719231127e-01 -1.710081933297478984e-01 -1.905382523886087198e-01 -1.620912397523787407e-01 -1.932311124755847209e-01 -1.611298909618388842e-01
1.584893192461110840e+11 -1.681326395265141382e-01 -1.757550443129158313e-01 -1.613457765051005133e-01 -1.797492638803844800e-01 -1.509220879427334849e-01 -1.856513068715795745e-01 -1.455902260518695535e-01
1.995262314968882751e+11 -1.565118711360877768e-01 -1.642604942045508554e-01 -1.481086879633390363e-01 -1.728311427935840250e-01 -1.398268691707758860e-01 -1.767849837024738358e-01 -1.370483613506254528e-01
2.511886431509582214e+11 -1.472845103989973148e-01 -1.575913503468283350e-01 -1.381441911964774172e-01 -1.680258119605200218e-01 -1.272368426510703532e-01 -1.784866661828921341e-01 -1.256973230386395635e-01
3.162277660168379517e+11 -1.428989422636444684e-01 -1.538537447655435875e-01 -1.310042159782419946e-01 -1.617648159363110905e-01 -1.146591506087718954e-01 -1.700098059857131361e-01 -1.073508983711037312e-01
3.981071705534969482e+11 -1.345028214290369395e-01 -1.436447032733118578e-01 -1.240744580495828642e-01 -1.543500851013320518e-01 -1.162727808660309059e-01 -1.654823620084855118e-01 -1.045161873936736041e-01
5.011872336272714844e+11 -1.264022704572423383e-01 -1.386529490420456145e-01 -1.094275951525708473e-01 -1.472782057413158374e-01 -9.959667583634596033e-02 -1.546039031548894493e-01 -9.247523906926385928e-02
6.309573444801943359e+11 -1.083191373466060314e-01 -1.202660607427031847e-01 -9.785064366232584798e-02 -1.366429774993224711e-01 -7.879683557246072723e-02 -1.515163841466411199e-01 -6.167190613092222995e-02
7.943282347242821045e+11 -8.950552079692415675e-02 -1.046918877791644387e-01 -6.959678616298531351e-02 -1.176199673562405429e-01 -5.272042783822794565e-02 -1.227920646288478967e-01 -3.717220085746874431e-02
1.000000000000000000e+12 -5.968016460273926904e-02 -7.424481473789568131e-02 -4.173606153986824524e-02 -9.133322900712514958e-02 -2.389612066307072319e-02 -1.171841236840236999e-01 -8.077162635894825221e-03
1.258925411794166260e+12 -3.020544392244447346e-02 -5.248419040672746422e-02 -1.084404950748438408e-02 -7.296748917492057451e-02 1.623055600362733816e-02 -7.758218438833514030e-02 3.135440033430175050e-02
1.584893192461110840e+12 -5.194152404356444652e-03 -2.932885274497847028e-02 1.709297180754271867e-02 -4.699875375404491407e-02 4.434667899897735271e-02 -6.434370091164812178e-02 5.842813985719257780e-02
1.995262314968882812e+12 8.947084105028854650e-03 -1.618327332973609062e-02 3.622259790872682517e-02 -4.128986239076727627e-02 5.147904034003894513e-02 -6.131265677840611050e-02 6.341197175727063262e-02
2.511886431509582031e+12 1.316016036484948630e-02 -1.637867932388318779e-02 4.633742089194661795e-02 -5.727413276768401895e-02 7.519483003954102740e-02 -7.001886135812351863e-02 9.292432440698371321e-02
3.162277660168379395e+12 -4.672611221974543039e-03 -3.280756702726787821e-02 2.398851076021563805e-02 -6.043653786016182916e-02 7.156797238125353622e-02 -6.569708392019364684e-02 1.035119181729042132e-01
3.981071705534969238e+12 -2.964099357349024577e-02 -6.386755630108012505e-02 2.136135064592906867e-04 -9.224741861036842017e-02 2.519469231147217214e-02 -1.165227692395313236e-01 5.762719995459962552e-02
5.011872336272714844e+12 -6.187373421171638022e-02 -1.022034817472570745e-01 -1.952323868315614802e-02 -1.378108389176425641e-01 1.146088163850421913e-02 -1.593313008018512056e-01 2.069225482437599822e-02
6.309573444801942383e+12 -8.741878565817752522e-02 -1.400732495800428301e-01 -4.560940268900655348e-02 -1.805126167359467904e-01 -8.981836277678548544e-03 -2.021915462001380170e-01 7.840740191179881510e-03
7.943282347242821289e+12 -1.217140991783617066e-01 -1.701371187022009124e-01 -6.925869373569641663e-02 -2.020866549921526978e-01 -1.803064191095117216e-02 -2.384599133238346491e-01 2.987867197647605180e-02
1.000000000000000000e+13 -1.285924230455813277e-01 -1.922388503771784718e-01 -9.591706285910164831e-02 -2.742696086620157181e-01 -4.715573257071348223e-02 -3.329685331170794127e-01 -2.283739636524079186e-02
1.258925411794166211e+13 -1.592766442102356850e-01 -2.192477594502545424e-01 -1.060062345948300788e-01 -2.566772728963055972e-01 -4.980897037506351599e-02 -2.706926105801589766e-01 -1.861078236604555777e-02
1.584893192461110938e+13 -1.399806069632785199e-01 -2.220242437603260621e-01 -8.063002840457771103e-02 -2.538784083006217496e-01 -7.589812968140061643e-03 -2.822897156632142579e-01 7.237659282154845081e-03
1.995262314968882812e+13 -1.315159416622661004e-01 -1.978710989528379427e-01 -4.357524605080940333e-02 -2.669322537149749763e-01 1.727376193371590180e-02 -3.093037545530376020e-01 5.211906906435465753e-02
2.511886431509582031e+13 -1.158207063662368141e-01 -1.977762739402312286e-01 -8.604981461412131855e-03 -2.629249040285878136e-01 9.778641291816289605e-02 -3.318836178417617910e-01 1.950352085387045964e-01
