# M200c[Msun] <corr> corr+ corr- corr++ corr-- corr+++ corr---
1.000000000000000000e+09 9.469440163654750664e-02 7.538169998598044652e-02 1.191430999158438336e-01 6.024570108978820338e-02 1.341038835894361458e-01 5.164680572552852317e-02 1.382212797262588055e-01
1.258925411794166088e+09 8.941746334089159531e-02 6.606579426247091713e-02 1.143242925984763181e-01 3.109464126878376533e-02 1.349630214941121842e-01 1.434047394401780952e-02 1.587425265779354999e-01
1.584893192461110830e+09 9.004188978668516141e-02 6.382806458211491563e-02 1.164939037205278138e-01 3.810862617526643292e-02 1.434427729791008799e-01 1.877576166793395313e-02 1.734513012790936393e-01
1.995262314968882799e+09 7.835375726357947379e-02 4.298803704379507151e-02 1.085461931196334828e-01 2.134886331774549575e-02 1.234335806232805255e-01 -6.054303887192179559e-04 1.558584711547023605e-01
2.511886431509582043e+09 5.337326119836016680e-02 1.492530108646208768e-02 7.881642584373230176e-02 -2.811262801286957408e-02 1.095542746960616876e-01 -3.161576937592633363e-02 1.358171925543069092e-01
3.162277660168379307e+09 7.673399959579456711e-03 -2.989457201678686823e-02 6.146948560953666846e-02 -6.817615341766784798e-02 8.185591924697821486e-02 -9.486942841638834611e-02 1.012985284783063933e-01
3.981071705534985542e+09 9.826341669307888781e-04 -5.360325750040437209e-02 5.119785420149350341e-02 -1.106212362520588299e-01 1.073336145195290525e-01 -1.685990104476088325e-01 1.408827615717770931e-01
5.011872336272735596e+09 2.834123407908263181e-03 -4.988399262407007539e-02 7.645209181353952721e-02 -1.411208108872201716e-01 1.320725190486869982e-01 -1.492226530835900067e-01 2.216928925350983293e-01
6.309573444801942825e+09 3.195865768950463537e-02 -5.587666471068682139e-02 1.279588498730169221e-01 -1.132097287373183547e-01 1.962055698128679360e-01 -1.747124968408991508e-01 2.298120809561720324e-01
