# M200c[Msun] <corr> corr+ corr- corr++ corr-- corr+++ corr---
1.000000000000000000e+09 -1.633316305426239512e-01 -1.664959775368036743e-01 -1.607750404255721688e-01 -1.685173515646667952e-01 -1.587785633254051310e-01 -1.695510832825080916e-01 -1.566251706071376537e-01
1.258925411794166088e+09 -1.654621245279284392e-01 -1.678602677803572862e-01 -1.628629632067508937e-01 -1.690803499806363686e-01 -1.601439262274598763e-01 -1.719957143889105089e-01 -1.571403168468483991e-01
1.584893192461110830e+09 -1.696050340543898693e-01 -1.719339709722135789e-01 -1.668155401682467620e-01 -1.731269971902316684e-01 -1.642681076550663866e-01 -1.760376080408410371e-01 -1.636238846907842881e-01
1.995262314968882799e+09 -1.742040159790297915e-01 -1.764546247871933426e-01 -1.709103194945335302e-01 -1.799807223400794187e-01 -1.684210277547201762e-01 -1.828450176628269863e-01 -1.681355973084154298e-01
2.511886431509582043e+09 -1.812732079492430926e-01 -1.842504833680979615e-01 -1.779616301509311105e-01 -1.877996767281645552e-01 -1.757928875762843068e-01 -1.894330262521070896e-01 -1.739675915146510210e-01
3.162277660168379307e+09 -1.893550295543309225e-01 -1.923745309085102828e-01 -1.862481639050696247e-01 -1.959378924064586469e-01 -1.828923474737824129e-01 -1.996656087223792342e-01 -1.791571430756147276e-01
3.981071705534969330e+09 -1.987578786274800391e-01 -2.023520474257850255e-01 -1.948112904715322835e-01 -2.069348099809547037e-01 -1.920030647378098143e-01 -2.100397149569579180e-01 -1.901281364276976027e-01
5.011872336272714615e+09 -2.078810065802181584e-01 -2.114072216351921552e-01 -2.036518132238345213e-01 -2.147495864036926272e-01 -2.006901070257023356e-01 -2.196060934823317601e-01 -1.978096945298150888e-01
6.309573444801942825e+09 -2.165299806751758704e-01 -2.217468940383722220e-01 -2.116099824928185658e-01 -2.275257282893060617e-01 -2.079336919259280325e-01 -2.314265854674350253e-01 -2.038039818108248469e-01
7.943282347242821693e+09 -2.240423870841469489e-01 -2.280660767630877106e-01 -2.187051110697463829e-01 -2.319416461645918415e-01 -2.129272698164949018e-01 -2.357082571852271435e-01 -2.101799169915371246e-01
1.000000000000000000e+10 -2.283140590678562343e-01 -2.341641904088535009e-01 -2.236510716130810927e-01 -2.395335178052749869e-01 -2.170940810606944993e-01 -2.408361919940858464e-01 -2.160173804555323984e-01
1.258925411794166183e+10 -2.308329339351775089e-01 -2.362771906522145304e-01 -2.247326617899650658e-01 -2.396304581114205579e-01 -2.198759317936606061e-01 -2.505314997383125686e-01 -2.170631243275483735e-01
1.584893192461110878e+10 -2.336731351974725701e-01 -2.400512298013562085e-01 -2.259091950894963063e-01 -2.480212378610381352e-01 -2.177515387858025564e-01 -2.565482889398219002e-01 -2.140756584378409599e-01
1.995262314968882751e+10 -2.379010740628121345e-01 -2.454375917885244507e-01 -2.295130476215077320e-01 -2.547096529691191269e-01 -2.209877153844233832e-01 -2.561668588756681464e-01 -2.135518683350092206e-01
2.511886431509582138e+10 -2.398118393747374899e-01 -2.473190902423757220e-01 -2.312966809968163284e-01 -2.565090434472910297e-01 -2.249673987339054215e-01 -2.584774678595294639e-01 -2.171048275501614722e-01
3.162277660168379211e+10 -2.467615987707836300e-01 -2.544606053774062238e-01 -2.383263251605435284e-01 -2.631577658347514781e-01 -2.318790136554038372e-01 -2.685052787944237074e-01 -2.210289950659323488e-01
3.981071705534969330e+10 -2.579331083495868260e-01 -2.704243338674988117e-01 -2.444473457006794692e-01 -2.801055146575354149e-01 -2.345780211535877513e-01 -2.925753248270432927e-01 -2.252570171124323173e-01
5.011872336272714996e+10 -2.689180536547796097e-01 -2.785970892090697815e-01 -2.565260238040583118e-01 -3.000378198720841105e-01 -2.477725829725265783e-01 -3.081356142973704637e-01 -2.379780462285395470e-01
6.309573444801942444e+10 -2.819844671809328962e-01 -2.965219562303477163e-01 -2.642749244680034360e-01 -3.109633365389017912e-01 -2.504813838872431697e-01 -3.171373138913751166e-01 -2.325564765360549901e-01
7.943282347242822266e+10 -2.889353923449795580e-01 -3.082503646994152469e-01 -2.719137245105706091e-01 -3.208464983267775850e-01 -2.610908598682800674e-01 -3.355821859604823376e-01 -2.540700684027751288e-01
1.000000000000000000e+11 -2.893300066271231596e-01 -3.090807487553087207e-01 -2.734984869860379031e-01 -3.249685795924093235e-01 -2.546660228897509315e-01 -3.376123715578415729e-01 -2.434804911069203548e-01
1.258925411794166107e+11 -2.822548565768664419e-01 -3.050296260025903705e-01 -2.567525062835698257e-01 -3.177176881190173496e-01 -2.416274410496180303e-01 -3.476743948462542311e-01 -2.386363077326756066e-01
1.584893192461110840e+11 -2.725233702265830171e-01 -2.922153737070034007e-01 -2.461575418413387562e-01 -3.232479030420061239e-01 -2.281461355730534935e-01 -3.400509910540692182e-01 -1.995625586258514550e-01
1.995262314968882751e+11 -2.616283174809366230e-01 -2.923308321792916220e-01 -2.388947045216301135e-01 -3.164252809225676089e-01 -2.036676415584151301e-01 -3.324507472167729794e-01 -1.784275132826256827e-01
2.511886431509582214e+11 -2.580766532464642271e-01 -2.939552238151452723e-01 -2.340068989753110174e-01 -3.228846053790275228e-01 -2.066077226979431691e-01 -3.292154991469541936e-01 -1.716319783276006872e-01
3.162277660168379517e+11 -2.632221304487260549e-01 -2.956659452800730059e-01 -2.252224494913064867e-01 -3.244493226189428814e-01 -1.995372843637580329e-01 -3.407248426264451457e-01 -1.746817217809644718e-01
3.981071705534969482e+11 -2.528990487893330030e-01 -2.938380181610360520e-01 -2.050863606873287170e-01 -3.254760203651241302e-01 -1.684873423653715785e-01 -3.419979797819521217e-01 -1.629151152750114573e-01
5.011872336272714844e+11 -2.390767890000033979e-01 -2.819582092195352385e-01 -1.859195528370802541e-01 -3.071165401192172406e-01 -1.340123814934527091e-01 -3.228689415242684269e-01 -9.306908546039442676e-02
6.309573444801943359e+11 -2.349011983981553753e-01 -2.777645827664171896e-01 -1.834404431499376820e-01 -3.131152273022593246e-01 -1.411313570159215547e-01 -3.746656703243998465e-01 -1.312444739853551035e-01
7.943282347242821045e+11 -2.501537427950572545e-01 -3.124537849898355035e-01 -1.907200655445373261e-01 -3.642605244510087603e-01 -1.303409617202414550e-01 -3.908879936981574099e-01 -9.342760098976976568e-02
1.000000000000000000e+12 -2.740371790938294638e-01 -3.476313468830368181e-01 -1.943788646347819615e-01 -4.076481419586900912e-01 -9.930866131825377696e-02 -4.241675579837400067e-01 -6.862377611615790018e-02
