# M200c[Msun] <corr> corr+ corr- corr++ corr-- corr+++ corr---
1.584893192461110830e+09 1.558807177282012235e-01 1.520964183705218187e-01 1.592777221563421719e-01 1.491525353781887608e-01 1.638575173442089472e-01 1.424848561960339322e-01 1.719302259077868378e-01
1.995262314968874693e+09 1.572423494284129197e-01 1.540611627055160360e-01 1.619547238138571987e-01 1.513882324227174281e-01 1.652059023746337008e-01 1.478202651762506870e-01 1.668262042573370740e-01
2.511886431509572029e+09 1.583993396413546362e-01 1.542713526723242801e-01 1.626685898781016770e-01 1.497263832579550646e-01 1.659130120968117517e-01 1.483186292841029985e-01 1.668997151144115676e-01
3.162277660168379307e+09 1.588712395808299371e-01 1.548076804972408627e-01 1.624322616125971896e-01 1.503535270158467552e-01 1.666096840304167048e-01 1.476030466871051383e-01 1.692252250723667861e-01
3.981071705534969330e+09 1.597665494589553259e-01 1.543058367725677060e-01 1.644039012313768811e-01 1.491320475041053029e-01 1.674557099117531256e-01 1.449952765532872556e-01 1.710262004880656050e-01
5.011872336272714615e+09 1.601038182724113246e-01 1.547620794359233221e-01 1.648174131572235912e-01 1.484529232576417002e-01 1.708770405022374539e-01 1.480438694229069818e-01 1.727678148992283780e-01
6.309573444801917076e+09 1.597087561455476090e-01 1.537916942739356307e-01 1.648506485590578163e-01 1.497406840812627316e-01 1.703054031574839089e-01 1.465339801467444025e-01 1.728292550468839839e-01
7.943282347242789268e+09 1.587545923999109099e-01 1.521009563362540895e-01 1.644055520849296292e-01 1.487828960206738771e-01 1.725226922211434699e-01 1.482402206026695035e-01 1.731579180216443747e-01
1.000000000000000000e+10 1.570890509939727453e-01 1.511076210267589537e-01 1.651135984704458770e-01 1.434802221280770396e-01 1.718771176476403262e-01 1.361571794429521365e-01 1.756389526063171225e-01
1.258925411794166183e+10 1.556261452219893648e-01 1.484147361308548185e-01 1.631489805718354669e-01 1.417118009048473626e-01 1.699401796241460927e-01 1.396737763982421610e-01 1.829614076911555143e-01
1.584893192461110878e+10 1.609561242363293232e-01 1.544657828842579961e-01 1.712808606873932604e-01 1.452665785060965886e-01 1.791753082037304823e-01 1.426268413560335679e-01 1.861881321785675836e-01
1.995262314968874741e+10 1.699531861182595194e-01 1.601348573764864169e-01 1.776936084400089211e-01 1.515476009610395858e-01 1.861750920445058299e-01 1.488873248034852659e-01 1.952455816773727149e-01
2.511886431509571838e+10 1.769228782381374876e-01 1.650260259759820658e-01 1.906407082510005735e-01 1.528624306877314765e-01 1.975319198261862308e-01 1.437025267543151907e-01 2.151329253873670577e-01
3.162277660168379211e+10 1.860774379486472285e-01 1.720453559538889510e-01 1.958757264086501415e-01 1.641645279889629994e-01 2.090138701443799429e-01 1.632634883990625729e-01 2.134030219894320068e-01
3.981071705534969330e+10 1.938671571475884536e-01 1.778887845012988023e-01 2.063501006801330973e-01 1.675360817340094399e-01 2.151507726319477620e-01 1.635153049941484582e-01 2.254361033882726906e-01
5.011872336272714996e+10 1.956553583697360765e-01 1.768084583895485062e-01 2.104065819930733272e-01 1.615312425866204382e-01 2.258173793618499514e-01 1.498688683064932914e-01 2.332210564535162900e-01
6.309573444801917267e+10 1.957733690179940811e-01 1.808958546907207532e-01 2.152075192098724110e-01 1.679686798804031767e-01 2.303027843067096680e-01 1.525730751812187924e-01 2.367994636815954068e-01
7.943282347242822266e+10 1.995992357534357720e-01 1.779351347566466846e-01 2.179718146006244250e-01 1.590870192535097649e-01 2.407494643230008169e-01 1.489524846741902553e-01 2.523827572007070197e-01
1.000000000000000000e+11 1.907908465468804993e-01 1.722895864692708390e-01 2.089849810437696409e-01 1.534129960762940503e-01 2.274315160500342825e-01 1.500621744399835700e-01 2.450922449354442090e-01
1.258925411794166107e+11 1.881455537976755021e-01 1.607519863869400767e-01 2.065025334272164448e-01 1.415983604113172645e-01 2.372616620464763071e-01 1.373212417617679093e-01 2.413645952159849672e-01
1.584893192461110840e+11 1.648522405025230064e-01 1.466340303883917895e-01 1.937168350375820525e-01 1.177940056721773904e-01 2.147819086492546714e-01 9.654625343161227224e-02 2.406572862211975861e-01
1.995262314968882751e+11 1.526517871518085490e-01 1.215292000335078115e-01 1.835003073745561375e-01 8.726705475018683988e-02 2.147340618789494726e-01 5.018169618675752397e-02 2.354092760008551222e-01
2.511886431509582214e+11 1.371870035667440701e-01 1.044030640576691510e-01 1.818387630313855752e-01 6.352362076670331481e-02 2.173397245176294790e-01 4.658988716783976636e-02 2.262016566467262291e-01
3.162277660168379517e+11 1.307094264924081317e-01 9.420631817370012095e-02 1.702738532948848138e-01 6.037424660911197560e-02 2.153491043019330198e-01 4.820265696076336120e-02 2.338784464416664710e-01
3.981071705534969482e+11 1.413705753481366567e-01 8.219753282901362534e-02 1.837219313066573434e-01 4.231428732942563165e-02 2.202667872533130011e-01 3.222884866662031195e-02 2.524219233979111410e-01
5.011872336272714844e+11 1.567466015718243233e-01 1.143805651084594255e-01 2.238628419790701374e-01 5.811646501958835087e-02 2.840248470005813375e-01 3.455791155166400286e-02 3.198736187417565713e-01
6.309573444801943359e+11 2.157957394674665519e-01 1.542059680745398731e-01 2.673301421878253592e-01 1.034462147851024361e-01 3.138592815506232592e-01 5.675947414323055662e-02 3.504822731363135269e-01
7.943282347242821045e+11 2.308729856619327059e-01 1.449325513684722733e-01 3.200879456534970191e-01 5.793662645760236374e-02 3.824847631719598962e-01 -2.277343848322089474e-03 4.158211116028261434e-01
1.000000000000000000e+12 2.179227684328469139e-01 1.229409486167244575e-01 3.070658675810384319e-01 4.314797633485589756e-02 3.868544355706026172e-01 1.376750401841746879e-02 4.402123007851161951e-01
