# M200c[Msun] <corr> corr+ corr- corr++ corr-- corr+++ corr---
1.584893192461110830e+09 1.841387305900167304e-01 1.804162427992323792e-01 1.877268513382803483e-01 1.763439361462783295e-01 1.919926142053330065e-01 1.749562720897102630e-01 1.938653598845331838e-01
1.995262314968874693e+09 1.800237399807019800e-01 1.770669258746913888e-01 1.828654172963780355e-01 1.734198748494020781e-01 1.869259977348785295e-01 1.712621513344107782e-01 1.883143771123713395e-01
2.511886431509572029e+09 1.760350071744202771e-01 1.727758942488816507e-01 1.798565414504392779e-01 1.699365788447529391e-01 1.831882990731218130e-01 1.695207620384939495e-01 1.860996461164475535e-01
3.162277660168379307e+09 1.721834776332174521e-01 1.667536730021400293e-01 1.746300888374774929e-01 1.626832097842240699e-01 1.793807487332599038e-01 1.605973511715265145e-01 1.823662161345669941e-01
3.981071705534969330e+09 1.632343910327256897e-01 1.592687174676606365e-01 1.675155900863136149e-01 1.547650505765988393e-01 1.718045794729957665e-01 1.538491951453336282e-01 1.797534577105003584e-01
5.011872336272714615e+09 1.551267475140393204e-01 1.514491925742774969e-01 1.593803821891428829e-01 1.439363001155503918e-01 1.639694344018869931e-01 1.428139493449897823e-01 1.673630999038666911e-01
6.309573444801917076e+09 1.473040991033125469e-01 1.425421035329255959e-01 1.522773533740308105e-01 1.382637689552030369e-01 1.568086666517826133e-01 1.356503217991590349e-01 1.608651327484043880e-01
7.943282347242789268e+09 1.397066696449335010e-01 1.344924710277073110e-01 1.460906918826778977e-01 1.279152656242159569e-01 1.545363691525580563e-01 1.275524363801117111e-01 1.592648924038207181e-01
1.000000000000000000e+10 1.319621965715575551e-01 1.235437110703980490e-01 1.398940193556700573e-01 1.196277362771030334e-01 1.450984156600155506e-01 1.143914397757064411e-01 1.475012237822746208e-01
1.258925411794166183e+10 1.238110997439676453e-01 1.174072040506032033e-01 1.308662047710437981e-01 1.117491127954492458e-01 1.372604444472274587e-01 1.044747970455049829e-01 1.396577089938374205e-01
1.584893192461110878e+10 1.163395138642383531e-01 1.080270355132342264e-01 1.257841173323225592e-01 1.018484557321474304e-01 1.348119403679059469e-01 1.006573105233292270e-01 1.376178478336453903e-01
1.995262314968874741e+10 1.076851171840701449e-01 9.688663860227227087e-02 1.147962830532282541e-01 8.925228395531425996e-02 1.235027738808722048e-01 8.512967723329165071e-02 1.320901989582030644e-01
2.511886431509571838e+10 1.003405065245881467e-01 8.813367333575136686e-02 1.116244609601391574e-01 7.566749002004108382e-02 1.185282460996962273e-01 7.248253803034532261e-02 1.205761574923455703e-01
3.162277660168379211e+10 8.765140225886422498e-02 7.970290034340223040e-02 9.884698904914530904e-02 6.659421923911257313e-02 1.105128929011960082e-01 6.316760431512945251e-02 1.158370956778943806e-01
3.981071705534969330e+10 7.774772293138390578e-02 6.628342111434215589e-02 9.161758184961500684e-02 5.211802892190892100e-02 1.001878612069709018e-01 4.360489422308953117e-02 1.075470636347412856e-01
5.011872336272714996e+10 7.385309400956462100e-02 5.995898075219366352e-02 8.815826956082981058e-02 4.649178559667478672e-02 1.038621999080947544e-01 2.956571646434394407e-02 1.061549029896478313e-01
6.309573444801917267e+10 7.466985139369863855e-02 5.681404826490395188e-02 9.067156513397556239e-02 4.505268709526406845e-02 1.012835456049378524e-01 2.748708258986900382e-02 1.049342823308335587e-01
7.943282347242822266e+10 8.208458990545838829e-02 6.404070826617550005e-02 9.857388820876987479e-02 5.242260138417226267e-02 1.153533077443779087e-01 4.898831441928400837e-02 1.205457140490687890e-01
1.000000000000000000e+11 8.849265833057148867e-02 6.957614648978570349e-02 1.095963504925839826e-01 5.370670618612006370e-02 1.284366055319311750e-01 4.267127493316084236e-02 1.466212411518352798e-01
1.258925411794166107e+11 9.438272565493961708e-02 6.699988945548222830e-02 1.125541742111882404e-01 4.447609052015734366e-02 1.264135227287197794e-01 2.878708114175719882e-02 1.451900877703020121e-01
1.584893192461110840e+11 8.664758212705007956e-02 7.286383608523756827e-02 1.207452195195864164e-01 5.035904863357533456e-02 1.400237286780115498e-01 3.109142732630026940e-02 1.506129829337315429e-01
1.995262314968882751e+11 9.071089142718569143e-02 6.617584326661443694e-02 1.169771418112116462e-01 3.777542865919392145e-02 1.433979472044651371e-01 2.855224058456028169e-02 1.606554962029103084e-01
2.511886431509582214e+11 9.465423461362931778e-02 4.748886950704704624e-02 1.265887315424546467e-01 2.201082416594827423e-02 1.494084758853272688e-01 -4.001857475146912424e-03 1.812468851749961807e-01
3.162277660168379517e+11 7.620069759938170872e-02 4.221446403733043057e-02 1.178335936529683325e-01 2.561735208283379139e-02 1.476438565796029390e-01 1.570997235266112513e-02 1.650543928622948409e-01
3.981071705534969482e+11 7.611196967197880747e-02 3.802074587149627954e-02 1.061698307842550426e-01 -3.384324203156473601e-03 1.323026544540358840e-01 -2.560225663219260067e-02 1.537188964601680086e-01
5.011872336272714844e+11 7.324120834309270911e-02 4.000264083474113636e-02 1.050453596983679377e-01 -1.852836322773571479e-02 1.471725526110474469e-01 -5.086801915627086473e-02 1.557901697623125525e-01
6.309573444801943359e+11 5.515789340905291604e-02 1.583615939166289899e-02 9.101069720795403051e-02 -3.882487527044202469e-02 1.207118895493832778e-01 -5.648408903808509185e-02 1.347429906717198811e-01
7.943282347242821045e+11 5.159311561456082773e-02 1.582815064181843784e-02 8.360681576097471479e-02 -2.471066420165311112e-02 1.339650933731008076e-01 -4.633699009486795528e-02 1.510683050458848098e-01
1.000000000000000000e+12 4.820595887050015127e-02 -1.484476756094918644e-02 9.124964081126678284e-02 -4.087351228837149408e-02 1.426503721940983738e-01 -8.809394245556023684e-02 1.526244408421524590e-01
1.258925411794166260e+12 4.685320784007035444e-02 -4.279205240208564312e-03 9.234878539939388176e-02 -3.884598838507105634e-02 1.243045488473673021e-01 -7.674036047672426475e-02 1.577402133644806581e-01
1.584893192461110840e+12 5.026400813285521185e-02 -1.814019972956711774e-02 1.127029711113882449e-01 -6.332762667838144621e-02 1.818228086823587275e-01 -8.420165076668230386e-02 2.046806161093452925e-01
1.995262314968882812e+12 5.883638714210175091e-02 3.857683723828595358e-03 1.435495538206988941e-01 -4.311735695184516076e-02 2.029709611490910781e-01 -1.072040155375495879e-01 2.433473202342551489e-01
2.511886431509582031e+12 8.348107421775513570e-02 6.334322375793167504e-04 1.553573510562797910e-01 -8.295682204212988242e-02 2.709917014104132882e-01 -1.181972043854696841e-01 2.946145825321094258e-01
3.162277660168379395e+12 1.114688362371314828e-01 -1.543495021445671390e-02 1.889959989391190864e-01 -6.812145202249869635e-02 2.736520202263477697e-01 -1.549885977649537727e-01 3.389313443808685822e-01
