# M200c[Msun] <corr> corr+ corr- corr++ corr-- corr+++ corr---
1.000000000000000000e+09 5.750938770398963396e-01 5.731130826192701866e-01 5.773016384793937528e-01 5.712808928661962105e-01 5.792113438081822885e-01 5.709367475380434653e-01 5.804259917353021825e-01
1.258925411794166088e+09 5.891131754213436711e-01 5.867042570380373023e-01 5.910208436892264716e-01 5.836151349156275536e-01 5.936057929570741631e-01 5.819492185641923498e-01 5.938815007172262295e-01
1.584893192461110830e+09 6.043585880511149755e-01 6.019797397055984822e-01 6.072057478980732448e-01 5.997333894331713378e-01 6.093587930134670705e-01 5.964192589227171881e-01 6.098546529832037377e-01
1.995262314968882799e+09 6.208764010494918217e-01 6.186467601971060715e-01 6.237287373309237104e-01 6.162071997290157199e-01 6.258357744858720206e-01 6.154341019793490020e-01 6.274611462553603136e-01
2.511886431509582043e+09 6.377714535051894895e-01 6.351803991470645894e-01 6.402455329205432033e-01 6.329377987698197039e-01 6.423507401817007967e-01 6.315324811707250241e-01 6.435138487714338051e-01
3.162277660168379307e+09 6.527839313835995805e-01 6.506496633271126040e-01 6.562434010309354804e-01 6.486557628631981487e-01 6.592632339100268357e-01 6.440496895388979626e-01 6.618046384124138815e-01
3.981071705534969330e+09 6.666139214463544516e-01 6.637232118088652877e-01 6.701278247569106838e-01 6.612946497103344701e-01 6.737588162872385489e-01 6.591212718262733361e-01 6.741807304685473179e-01
5.011872336272714615e+09 6.790585491119753847e-01 6.757737825965189904e-01 6.819204421838147567e-01 6.736152512554643979e-01 6.849682803204344417e-01 6.724678950721267867e-01 6.871729864973215030e-01
6.309573444801942825e+09 6.885575108795156662e-01 6.845605327913099059e-01 6.911176005591972427e-01 6.816091478819825689e-01 6.940663401356006457e-01 6.783631938522444171e-01 6.955721791411005883e-01
7.943282347242821693e+09 6.960665364291196422e-01 6.923515610937368558e-01 7.001050159818076324e-01 6.879943162952122382e-01 7.054694377224808299e-01 6.844182211194694831e-01 7.080090664823522895e-01
1.000000000000000000e+10 7.010629456499442025e-01 6.978428137395337183e-01 7.055400737545205470e-01 6.917210659235220049e-01 7.097895022508005081e-01 6.887509810428945611e-01 7.138967584924422738e-01
1.258925411794166183e+10 7.068903521019881397e-01 7.028955004082462210e-01 7.114116750285671698e-01 6.996625460972635269e-01 7.136194303265703809e-01 6.950028351745325406e-01 7.156673784130562765e-01
1.584893192461110878e+10 7.115854024194327998e-01 7.061181794405049228e-01 7.158002469324985517e-01 7.018252299135209205e-01 7.208703007647068173e-01 7.002952155419681635e-01 7.302069527721664066e-01
1.995262314968882751e+10 7.134385652852025528e-01 7.074015202308108208e-01 7.191951321387070051e-01 7.020697418065561246e-01 7.237317362463451254e-01 7.011344402489233518e-01 7.273654387640065000e-01
2.511886431509582138e+10 7.147462858360534854e-01 7.096912969091229151e-01 7.207347334937173056e-01 7.011089839066154683e-01 7.266654140588504340e-01 6.972823488146645543e-01 7.328943241304151091e-01
3.162277660168379211e+10 7.155678040078010671e-01 7.075522689239193141e-01 7.230242432305019618e-01 7.007634082803300135e-01 7.335487469862898013e-01 6.976187784759717569e-01 7.379686093398525326e-01
3.981071705534969330e+10 7.208084961132412705e-01 7.116521482948592325e-01 7.293780278335024736e-01 7.043146162261585408e-01 7.383638477574344661e-01 6.973858020940498781e-01 7.392393422078993304e-01
5.011872336272714996e+10 7.238017964908249890e-01 7.144365290678968972e-01 7.321445478582073729e-01 7.055275187374622226e-01 7.410481377218844923e-01 7.029003699000156979e-01 7.457041070141350314e-01
6.309573444801942444e+10 7.247612176017508290e-01 7.142852938143229302e-01 7.336250025060943036e-01 7.035898268177354087e-01 7.426338126903746506e-01 6.979317999106999793e-01 7.444298499471628805e-01
7.943282347242822266e+10 7.254265489082911689e-01 7.140582869419520584e-01 7.348092678271045397e-01 7.014864853721276550e-01 7.465538164542477872e-01 6.920531369925704279e-01 7.502931462687303377e-01
1.000000000000000000e+11 7.207823999075001487e-01 7.105531771540753994e-01 7.352223686894765464e-01 6.944176377348283413e-01 7.436461264733373877e-01 6.892924623337187695e-01 7.533665674140029855e-01
1.258925411794166107e+11 7.129342454219743663e-01 6.984100584205897855e-01 7.266163042137188111e-01 6.842490560236742514e-01 7.386968135968499105e-01 6.790996268933070512e-01 7.455553353459773991e-01
1.584893192461110840e+11 6.993115140518737505e-01 6.799879211455872596e-01 7.193925369758504829e-01 6.618426163051900346e-01 7.298759477273062402e-01 6.536256833514766384e-01 7.376436969906676744e-01
1.995262314968882751e+11 6.890865523614446708e-01 6.775864195463103812e-01 7.074191617054992332e-01 6.578250596771015868e-01 7.197266717608974407e-01 6.448331375494746887e-01 7.323911188560655594e-01
2.511886431509582214e+11 6.884347301184658985e-01 6.696501348792740504e-01 7.098110753191594346e-01 6.486690266263639426e-01 7.273903910807510975e-01 6.445158553678173030e-01 7.321741670302364113e-01
3.162277660168379517e+11 6.938861110924412490e-01 6.740585710343784953e-01 7.150938373305463225e-01 6.512748142427604581e-01 7.370131971661902925e-01 6.381642570195347197e-01 7.484012719856079077e-01
3.981071705534969482e+11 7.091300259579631504e-01 6.916607101941543156e-01 7.333194292381963741e-01 6.771633971398867136e-01 7.490685101369125576e-01 6.494427740971303598e-01 7.550774048414701234e-01
5.011872336272714844e+11 7.154581758962500482e-01 6.897261171085807829e-01 7.351447646817038661e-01 6.724500945177338540e-01 7.514989626666761513e-01 6.596924610045419302e-01 7.638434029639363798e-01
6.309573444801943359e+11 7.232108166472794863e-01 6.890143282616644216e-01 7.439511754670147248e-01 6.621620591135279899e-01 7.683300024823245256e-01 6.487746038022889072e-01 7.778663565195480523e-01
7.943282347242821045e+11 7.141639551159955079e-01 6.832474683785668690e-01 7.454015843707533229e-01 6.533780364485604064e-01 7.729694114607414956e-01 6.160696336780544513e-01 7.810612084223497176e-01
1.000000000000000000e+12 7.136912812777140847e-01 6.696153014138548354e-01 7.421478586268850375e-01 6.222139787804170652e-01 7.696572742203442452e-01 6.102493351712231506e-01 7.862759672444068482e-01
1.258925411794166260e+12 7.049042606738977756e-01 6.561411994960206773e-01 7.434363243242581021e-01 6.238774006537710637e-01 7.645604607458776902e-01 6.080012662109586241e-01 7.932718706562659206e-01
1.584893192461110840e+12 7.121340394734063661e-01 6.728682157647170037e-01 7.449628744127285707e-01 6.366305241701988304e-01 7.729540733652138229e-01 6.232899733270923504e-01 7.824889071374557803e-01
1.995262314968882812e+12 7.069892310876506603e-01 6.643436027823403922e-01 7.457823804281871194e-01 6.340715707085945452e-01 7.655113690138060090e-01 5.851695679698317720e-01 7.779575606493659423e-01
2.511886431509582031e+12 6.976360858656482922e-01 6.396032672019049681e-01 7.375503221982642188e-01 5.837825773628806392e-01 7.742556218006142466e-01 5.292893517736565467e-01 8.252236521380192924e-01
3.162277660168379395e+12 6.731589796931818359e-01 6.234234888407717001e-01 7.172984842707601505e-01 5.676271087996609399e-01 7.575098080927082922e-01 5.215396476176112905e-01 7.654892714621631677e-01
