# M200c[Msun] <corr> corr+ corr- corr++ corr-- corr+++ corr---
1.584893192461110830e+09 1.906188579408322759e-01 1.862541835446718530e-01 1.947590133050910444e-01 1.834125357758766284e-01 1.983196240083948403e-01 1.825521406103164102e-01 2.023949141046074984e-01
1.995262314968874693e+09 1.939611701515884801e-01 1.891805544532787764e-01 1.982540339933951679e-01 1.869659966967909814e-01 2.008135171845467082e-01 1.842716935348231444e-01 2.019983795399705184e-01
2.511886431509572029e+09 1.934289408656563181e-01 1.891261583589124440e-01 1.975362271992020524e-01 1.856729702489318956e-01 2.013444440446458539e-01 1.838336921529784285e-01 2.029485275500619856e-01
3.162277660168379307e+09 1.890970811056048584e-01 1.856400512438009243e-01 1.945116383082621248e-01 1.822556766282597551e-01 1.978715735886608651e-01 1.805635556069868641e-01 1.990849791262673529e-01
3.981071705534969330e+09 1.848223373428324323e-01 1.799765799473210526e-01 1.906857363647121439e-01 1.758963814318050267e-01 1.941467775032594545e-01 1.735935494948730451e-01 1.971521594008051048e-01
5.011872336272714615e+09 1.771363321067603858e-01 1.711310080692942659e-01 1.818814753677537310e-01 1.683970984675486615e-01 1.876258992120802271e-01 1.671024176912406789e-01 1.893461487004676203e-01
6.309573444801917076e+09 1.744124663253669716e-01 1.682154390920638787e-01 1.796425165751034947e-01 1.585489704848002945e-01 1.846034069320809379e-01 1.547844308791948564e-01 1.857877607858063884e-01
7.943282347242789268e+09 1.731723583576480485e-01 1.657024485497933797e-01 1.805113608076947818e-01 1.612803810150862660e-01 1.877229184546305163e-01 1.568767304562147524e-01 1.918300779194125338e-01
1.000000000000000000e+10 1.779589885110113845e-01 1.714930375903550297e-01 1.823463505732185741e-01 1.629308512255245589e-01 1.891296795141098608e-01 1.574638852092789532e-01 1.941137800915285205e-01
1.258925411794166183e+10 1.863715889275785464e-01 1.783730762954493787e-01 1.937452638501320212e-01 1.696531912914173157e-01 1.991071316922314871e-01 1.675567925649442125e-01 2.060023426295099214e-01
1.584893192461110878e+10 1.937276102792863663e-01 1.863068873556950611e-01 2.030803081978093116e-01 1.775803402002726905e-01 2.090328265093439608e-01 1.735826083090197813e-01 2.114925370565045037e-01
1.995262314968874741e+10 2.042595758064541522e-01 1.951281225886893622e-01 2.158897662669484740e-01 1.813011972898441460e-01 2.215206609872203414e-01 1.790513112572281185e-01 2.384887571868422040e-01
2.511886431509571838e+10 2.145018160434446486e-01 2.022166067332984429e-01 2.255426076432526239e-01 1.930511722701239719e-01 2.333214829204655616e-01 1.856254264287370004e-01 2.428821576221700251e-01
3.162277660168379211e+10 2.246526154739693915e-01 2.092915310901236059e-01 2.384795200087303224e-01 2.011959934491506508e-01 2.475051437744418825e-01 1.955047192672956513e-01 2.547072220223247641e-01
3.981071705534969330e+10 2.289758181433740047e-01 2.143451456660379617e-01 2.376962928099686234e-01 2.057770157696295898e-01 2.468568507923654121e-01 1.977564043365277191e-01 2.515642962551110084e-01
5.011872336272714996e+10 2.277234162012307106e-01 2.071374119682333204e-01 2.423885500631131340e-01 1.952356282260471199e-01 2.555949686981476843e-01 1.878946501607755282e-01 2.661297627934618992e-01
6.309573444801917267e+10 2.221190753752538272e-01 2.108943949319432853e-01 2.406085196178549823e-01 1.942520369904010002e-01 2.615749160548524466e-01 1.873638123959431301e-01 2.679535055390345755e-01
7.943282347242822266e+10 2.213952034796744794e-01 2.067493974284264069e-01 2.412577409468580070e-01 1.891279899929759201e-01 2.564055268315738045e-01 1.831107553643283870e-01 2.646815274643536942e-01
1.000000000000000000e+11 2.120113832208173343e-01 1.973083871109946319e-01 2.338206994948981710e-01 1.782477671858474222e-01 2.525321566497396586e-01 1.745898908134441152e-01 2.564469486867966275e-01
1.258925411794166107e+11 2.060802114760496573e-01 1.884585511964707860e-01 2.253876571617897395e-01 1.678284449021452684e-01 2.445689047926776771e-01 1.500259431425959855e-01 2.527765807426773370e-01
1.584893192461110840e+11 1.986150338711802910e-01 1.772692309215219975e-01 2.272207358956014334e-01 1.653136338331699096e-01 2.514361727645900713e-01 1.579531600778860401e-01 2.619352482853203878e-01
1.995262314968882751e+11 2.050635171152226932e-01 1.690553744097627042e-01 2.269368539363893211e-01 1.382171544990032364e-01 2.551899733411496229e-01 1.243036877047248578e-01 2.598813507265110845e-01
2.511886431509582214e+11 2.044692239284941204e-01 1.759110598462231001e-01 2.309788940770586274e-01 1.480823257792590608e-01 2.659904983451841787e-01 1.434852260611241270e-01 2.717682048027253994e-01
3.162277660168379517e+11 2.040966757301591605e-01 1.617296186678029435e-01 2.316603515322681328e-01 1.382872084599903184e-01 2.567385093453788403e-01 1.253747229689547715e-01 2.758687016773692657e-01
3.981071705534969482e+11 2.108544544833175771e-01 1.743452651533937692e-01 2.458065186650701950e-01 1.309924790905164782e-01 2.888964637166866467e-01 1.121626329719640353e-01 3.079406862158488578e-01
5.011872336272714844e+11 2.179984088264257380e-01 1.846319985521721330e-01 2.498939008321131583e-01 1.525942952889944304e-01 2.800844206668254843e-01 1.256068520131459754e-01 3.100339134360525772e-01
6.309573444801943359e+11 2.220486003329343039e-01 1.853662493669609446e-01 2.724104843749004523e-01 1.548442006761162615e-01 2.992166900612222014e-01 1.119989279823704748e-01 3.232150980445561150e-01
7.943282347242821045e+11 2.218775818357228979e-01 1.837455001743748817e-01 2.615104449578780632e-01 1.410674064331833288e-01 2.879096563383026774e-01 1.240998507520420513e-01 3.202411704151206240e-01
1.000000000000000000e+12 2.413948505179747961e-01 1.976039809201815267e-01 2.867746341877569494e-01 1.616888833665174330e-01 3.307612339252058442e-01 1.348099046549736946e-01 3.411351413972266711e-01
1.258925411794166260e+12 2.413302480805489258e-01 1.980116352157933746e-01 3.007707978336989219e-01 1.211069259445354818e-01 3.793906002887458273e-01 1.034948528636014942e-01 4.108340765124703919e-01
1.584893192461110840e+12 2.522808453693834441e-01 1.774045877279062100e-01 2.996445943291371483e-01 1.413591005846988602e-01 3.457701374442558873e-01 1.254630203067285399e-01 3.888198948767721541e-01
1.995262314968882812e+12 2.532134772106983123e-01 1.933065058226395849e-01 3.126653446972746386e-01 1.421369767221438152e-01 3.660018919200982435e-01 1.232351401272766961e-01 4.104650561713900636e-01
2.511886431509582031e+12 2.308745585247688470e-01 1.485031953330679944e-01 2.966593851658635428e-01 8.825304328422822753e-02 3.741758962532120147e-01 5.361269003296362246e-02 4.021218346634872209e-01
3.162277660168379395e+12 1.921034872146482053e-01 1.109782197111631452e-01 2.742436108923575477e-01 9.956288207777781729e-03 3.136227634673532938e-01 -3.221767653441123119e-02 3.740111643960112864e-01
