# M200c[Msun] <corr> corr+ corr- corr++ corr-- corr+++ corr---
2.511886431509582138e+10 -3.757390598158576456e-01 -3.795306157563461680e-01 -3.712644890984253543e-01 -3.838381043460690201e-01 -3.675731347682171801e-01 -3.847377810011871624e-01 -3.658247837738968777e-01
3.162277660168379211e+10 -3.817901838556511107e-01 -3.877343121611910304e-01 -3.762877715500870246e-01 -3.910280063271313056e-01 -3.715927522724810639e-01 -3.944282759460328580e-01 -3.661821712043458188e-01
3.981071705534969330e+10 -3.866396093298226644e-01 -3.906048540845458716e-01 -3.821458442874987038e-01 -3.966326595903841845e-01 -3.743313479274354982e-01 -3.987861639675165937e-01 -3.677171552280321110e-01
5.011872336272734833e+10 -3.895626604765645151e-01 -3.940713124606177731e-01 -3.840281903239574635e-01 -4.007808117282434246e-01 -3.792696398327071727e-01 -4.024794236071171927e-01 -3.775770870028111736e-01
6.309573444801942444e+10 -3.931097935493990114e-01 -3.995336895551532264e-01 -3.869002082541992960e-01 -4.027935767068361872e-01 -3.829654894914277796e-01 -4.063366467021511386e-01 -3.800358206919040027e-01
7.943282347242822266e+10 -3.986145152692646132e-01 -4.031895677165518999e-01 -3.923896976364374956e-01 -4.096877159262117818e-01 -3.875232041486191825e-01 -4.143443520769961030e-01 -3.837612294210636654e-01
1.000000000000000000e+11 -4.054699618559007290e-01 -4.099378975405288950e-01 -3.999520281257743504e-01 -4.156877785324789021e-01 -3.944439161003477912e-01 -4.184914215879682597e-01 -3.897662644159252676e-01
1.258925411794166107e+11 -4.116737347057073393e-01 -4.194485530456792954e-01 -4.049082852030942981e-01 -4.251431346055509763e-01 -3.976124383973616006e-01 -4.337634936349568093e-01 -3.964119850319841598e-01
1.584893192461117249e+11 -4.192888688847185019e-01 -4.268855030777021775e-01 -4.116613883267326024e-01 -4.336562224335229754e-01 -4.040199884330663016e-01 -4.402182863598655960e-01 -4.014930866563720113e-01
1.995262314968882751e+11 -4.245467183740662120e-01 -4.310852985970670126e-01 -4.165155588963153077e-01 -4.385977366020704649e-01 -4.104122483021822587e-01 -4.453870576736685405e-01 -4.091133011369687544e-01
2.511886431509582214e+11 -4.306905453929973371e-01 -4.392697135383826224e-01 -4.208966376171957569e-01 -4.464280047870138324e-01 -4.151981679025925631e-01 -4.525158298462758077e-01 -4.096369943607916508e-01
3.162277660168379517e+11 -4.355682651188832466e-01 -4.452071887021912810e-01 -4.275162158978070837e-01 -4.547143464803325985e-01 -4.205882185298134845e-01 -4.626370467081394322e-01 -4.157271537468793521e-01
3.981071705534985352e+11 -4.436722067754508281e-01 -4.552709946410946618e-01 -4.341132375009481570e-01 -4.651522833526900436e-01 -4.270983110709604125e-01 -4.728630798291233450e-01 -4.245566383748625716e-01
5.011872336272734985e+11 -4.522855542223594982e-01 -4.612546769004411962e-01 -4.412200707182136750e-01 -4.749212107989436715e-01 -4.303585987040161598e-01 -4.853489707922605811e-01 -4.243100684275636914e-01
6.309573444801943359e+11 -4.536460596675397916e-01 -4.653597490325439567e-01 -4.439260837343000921e-01 -4.786990753109244823e-01 -4.241576370128792295e-01 -4.804273630124640260e-01 -4.170479790426628863e-01
7.943282347242821045e+11 -4.580112882524461915e-01 -4.720211880477290789e-01 -4.482683532598396026e-01 -4.845349096558371760e-01 -4.388365288373445305e-01 -4.904581271433236522e-01 -4.310209914845386514e-01
1.000000000000000000e+12 -4.565929980042058300e-01 -4.705269024969578329e-01 -4.398323802336954191e-01 -4.858124269507795301e-01 -4.254473207464377627e-01 -4.912801187516596668e-01 -4.156426483919866133e-01
1.258925411794171387e+12 -4.420439941832695063e-01 -4.574461952554208510e-01 -4.257342702012675839e-01 -4.681930461972327873e-01 -4.090286048542296493e-01 -4.764669172077162784e-01 -3.995524371693979782e-01
1.584893192461117432e+12 -4.147360715375399964e-01 -4.356466225731973063e-01 -3.935147243950731233e-01 -4.547085305162518187e-01 -3.806029330109490516e-01 -4.665827117913792232e-01 -3.731554049934556749e-01
1.995262314968882812e+12 -3.861150997096596260e-01 -4.066904594351696267e-01 -3.650465897657505510e-01 -4.283158194714256628e-01 -3.415311718126595730e-01 -4.315959389913174293e-01 -3.066392998050143648e-01
2.511886431509582031e+12 -3.335049419020622574e-01 -3.659543961021429759e-01 -3.060770013470220929e-01 -3.946363280203896706e-01 -2.834972891711263765e-01 -4.170069077256166046e-01 -2.714441230308441422e-01
3.162277660168379395e+12 -2.940527033885018127e-01 -3.250725053455241209e-01 -2.659486357603679796e-01 -3.551389756450091806e-01 -2.439313674786821595e-01 -3.628181871096564093e-01 -2.016645531755566767e-01
3.981071705534985352e+12 -2.681059465377672590e-01 -3.059659721169282753e-01 -2.218808192623026310e-01 -3.388629309502355635e-01 -1.961188978999238719e-01 -3.601756757399215414e-01 -1.806517532369684986e-01
5.011872336272735352e+12 -2.477625110897183069e-01 -2.899818946319651092e-01 -2.075814226406519913e-01 -3.167272542457849616e-01 -1.628171094075683278e-01 -3.189967730851987482e-01 -1.384869175067073577e-01
6.309573444801942383e+12 -2.207010780486539092e-01 -2.726724064996980390e-01 -1.648157948500764691e-01 -3.169785273652320212e-01 -1.275771610962359026e-01 -3.450506806540574178e-01 -1.158940511559007347e-01
7.943282347242821289e+12 -2.310958665761274067e-01 -2.826130658817947450e-01 -1.936873428603668179e-01 -3.380976618381982823e-01 -1.623543712335294154e-01 -3.579755488131142749e-01 -1.011102818624779187e-01
1.000000000000000000e+13 -2.535564574009541161e-01 -3.009506733322830363e-01 -2.065514058410021780e-01 -3.532029946368783757e-01 -1.326090933898902979e-01 -3.585892497490411612e-01 -1.183248298175720997e-01
1.258925411794171289e+13 -2.853156947939977095e-01 -3.338262263124912588e-01 -2.310028065066782599e-01 -3.992529385661758301e-01 -2.010548487514356442e-01 -4.168817914663101032e-01 -1.609422182638066412e-01
1.584893192461117383e+13 -3.349209017236879360e-01 -4.051205029051977435e-01 -2.799419645460523021e-01 -4.471237333049593587e-01 -2.368088264877792615e-01 -4.893419474919225576e-01 -2.213886759432195928e-01
1.995262314968882812e+13 -3.937576090785451788e-01 -4.689063218401843258e-01 -3.230220177038296558e-01 -5.207489492114334428e-01 -2.650456233208294821e-01 -5.625130632444403922e-01 -2.151353548338624799e-01
2.511886431509582031e+13 -4.634199557370227707e-01 -5.342260289184398436e-01 -3.748313285604733536e-01 -6.186347199109109019e-01 -3.110725800026723498e-01 -6.527426079722077334e-01 -2.973646831057239481e-01
