# M200c[Msun] <corr> corr+ corr- corr++ corr-- corr+++ corr---
1.584893192461110830e+09 -7.703947101750799886e-01 -7.717343270504161135e-01 -7.686418667403509541e-01 -7.732808433028293127e-01 -7.675159397723397836e-01 -7.741895315097544472e-01 -7.666025682991315371e-01
1.995262314968874693e+09 -7.624210706098086821e-01 -7.639617271328796866e-01 -7.602902777862212691e-01 -7.654307687526931137e-01 -7.591146109015084464e-01 -7.662747502918165754e-01 -7.573859789913993668e-01
2.511886431509572029e+09 -7.539119480178855248e-01 -7.562140798118677232e-01 -7.519770358453446990e-01 -7.579227416880640611e-01 -7.498073807783889322e-01 -7.588326581674254001e-01 -7.493419893904871287e-01
3.162277660168379307e+09 -7.468062571272962025e-01 -7.489581502798464685e-01 -7.451178730939644890e-01 -7.513112916235515915e-01 -7.432062156884802206e-01 -7.522957091009746522e-01 -7.420957211565628597e-01
3.981071705534969330e+09 -7.405013894637365590e-01 -7.430707686071698070e-01 -7.377547940316064867e-01 -7.446343136446553768e-01 -7.368648498139069858e-01 -7.458675290600427221e-01 -7.360202888236581087e-01
5.011872336272714615e+09 -7.354169359365655412e-01 -7.378146095865771859e-01 -7.324509652631980838e-01 -7.393964051893917588e-01 -7.306585731438715037e-01 -7.404624586893491234e-01 -7.295446779747692956e-01
6.309573444801917076e+09 -7.313309070694915537e-01 -7.341519523645452239e-01 -7.283400946795083319e-01 -7.373574740858392929e-01 -7.253741309768884094e-01 -7.387299293005645806e-01 -7.230867221814001322e-01
7.943282347242789268e+09 -7.301774997231977871e-01 -7.330999340704695832e-01 -7.264050265211837720e-01 -7.350834087941908734e-01 -7.221557441259364163e-01 -7.363751110425527102e-01 -7.213983074336975942e-01
1.000000000000000000e+10 -7.291268047411206821e-01 -7.319936987571711295e-01 -7.253153560144658396e-01 -7.349906709930511539e-01 -7.216167939021851385e-01 -7.368588001186779923e-01 -7.195901087624948511e-01
1.258925411794166183e+10 -7.311135733864829733e-01 -7.355269721651277459e-01 -7.273440010111091869e-01 -7.391211500833858583e-01 -7.245117180118794131e-01 -7.403444673147665522e-01 -7.215092450352220688e-01
1.584893192461110878e+10 -7.340321633452213668e-01 -7.382304558548103968e-01 -7.300307980331354196e-01 -7.420553344940427065e-01 -7.245184074331436630e-01 -7.451096668476517859e-01 -7.229208116085272806e-01
1.995262314968874741e+10 -7.345184092684865496e-01 -7.398904880084403723e-01 -7.311418134219775933e-01 -7.443408401621136594e-01 -7.276721041639633292e-01 -7.454859602479758651e-01 -7.230893179947279759e-01
2.511886431509571838e+10 -7.371411413886039821e-01 -7.412860703684257535e-01 -7.326886411861791570e-01 -7.457080747156088485e-01 -7.259151455168686429e-01 -7.505047272600355868e-01 -7.213547939771581818e-01
3.162277660168379211e+10 -7.398889807998074719e-01 -7.445281077390740743e-01 -7.350381900207335617e-01 -7.502619002282818750e-01 -7.296593802825022124e-01 -7.545889360748944119e-01 -7.247629387266341094e-01
3.981071705534969330e+10 -7.448775410411252462e-01 -7.528971485528235252e-01 -7.378494033107931838e-01 -7.582497624165838168e-01 -7.335557319831358392e-01 -7.612638870018358928e-01 -7.253498704415306531e-01
5.011872336272714996e+10 -7.512588042658605580e-01 -7.580628155771155230e-01 -7.441051415604306163e-01 -7.634315892411469573e-01 -7.377562746129732174e-01 -7.687460890529947966e-01 -7.328141583023487504e-01
6.309573444801917267e+10 -7.565975362546374372e-01 -7.653419764280429138e-01 -7.485420803214904995e-01 -7.715337911278814520e-01 -7.439668899887337261e-01 -7.754561013889306187e-01 -7.369487015500937321e-01
7.943282347242788696e+10 -7.624697938544026110e-01 -7.698241389758611053e-01 -7.555425932896853158e-01 -7.780981982998368407e-01 -7.478863585955233262e-01 -7.803166768533974507e-01 -7.372529274038517322e-01
1.000000000000000000e+11 -7.657300383301446356e-01 -7.741200591606587356e-01 -7.574676919980731782e-01 -7.796855560175590671e-01 -7.493589549687132978e-01 -7.816301669235251603e-01 -7.266854988869663190e-01
1.258925411794166107e+11 -7.692105172634108312e-01 -7.786199547150057798e-01 -7.615634128900211630e-01 -7.865528778331822846e-01 -7.505503439944969379e-01 -7.911779312054544322e-01 -7.436985687893277186e-01
1.584893192461110840e+11 -7.710330468817163663e-01 -7.807742545690110614e-01 -7.630607627206752452e-01 -7.887251851448464635e-01 -7.568906114277115238e-01 -7.917949748798051024e-01 -7.508341802305893431e-01
1.995262314968874817e+11 -7.687488396018673509e-01 -7.788219088013998981e-01 -7.558451391324430002e-01 -7.893745406524019792e-01 -7.427232381839268260e-01 -7.960459281728526904e-01 -7.386000932869072333e-01
2.511886431509571838e+11 -7.619562440974916306e-01 -7.749697880443729980e-01 -7.503362672326070459e-01 -7.910862929065050064e-01 -7.360201714813243701e-01 -7.935177160698601018e-01 -7.296473910296039644e-01
3.162277660168379517e+11 -7.537619437237799147e-01 -7.707273397986716956e-01 -7.388079376146593491e-01 -7.791370670242048213e-01 -7.288570581394908654e-01 -8.005624342646890934e-01 -7.178328013999726309e-01
3.981071705534969482e+11 -7.461924953469709632e-01 -7.626607730088187376e-01 -7.280438053869771053e-01 -7.757719635683639758e-01 -7.129110278928363353e-01 -7.791798245459387040e-01 -7.023674860553443811e-01
5.011872336272714844e+11 -7.333254268674105347e-01 -7.545298591166024194e-01 -7.161500906759237228e-01 -7.665836500591339808e-01 -7.050873207776240381e-01 -7.738562311740376787e-01 -6.822291134942700674e-01
6.309573444801916504e+11 -7.252971922212861910e-01 -7.440612690515848726e-01 -7.033536887308514673e-01 -7.615617491601636146e-01 -6.743524623450087851e-01 -7.853160357479083142e-01 -6.645767058252434190e-01
7.943282347242789307e+11 -7.206225931828813547e-01 -7.443757229708646284e-01 -6.962691279510709874e-01 -7.679279684042430443e-01 -6.642595405135081066e-01 -7.775685704384829311e-01 -6.559166637491109508e-01
1.000000000000000000e+12 -6.996155582884946433e-01 -7.279843430171686336e-01 -6.661150711410687153e-01 -7.584985614905653817e-01 -6.302921472015127202e-01 -7.741171721944863915e-01 -6.204690015360951882e-01
1.258925411794166260e+12 -6.738522426190670656e-01 -7.051386814629508892e-01 -6.349495776291464999e-01 -7.341092192320558540e-01 -6.039930074196688814e-01 -7.557009647003278818e-01 -5.740865199231492966e-01
1.584893192461110840e+12 -6.359134019496791579e-01 -6.793212706068090245e-01 -5.938961046945190336e-01 -7.194222787017006127e-01 -5.510093945866243459e-01 -7.445772258699018264e-01 -5.242791494769369898e-01
