# M200c[Msun] <corr> corr+ corr- corr++ corr-- corr+++ corr---
1.000000000000000000e+09 5.728101795881659353e-01 5.710241298896958639e-01 5.753450776854451831e-01 5.689006067546241718e-01 5.773662900975080614e-01 5.684412228978444892e-01 5.779448855968313259e-01
1.258925411794166088e+09 5.840988308083640002e-01 5.820178729531286788e-01 5.864916775041489894e-01 5.798828446436679052e-01 5.883690500516928212e-01 5.792879433690508728e-01 5.912340880510297270e-01
1.584893192461110830e+09 5.974729678037491443e-01 5.952613012943933635e-01 6.003980661977309508e-01 5.935529610505898557e-01 6.016376014664016614e-01 5.929272350975327566e-01 6.030214285323500789e-01
1.995262314968882799e+09 6.099802206949304084e-01 6.073935404317873932e-01 6.126057605661388017e-01 6.061686306237417110e-01 6.141192411027209808e-01 6.050981627791292006e-01 6.152409660629811761e-01
2.511886431509582043e+09 6.200087472425412916e-01 6.183061654102605109e-01 6.229422089499174753e-01 6.170682253009838192e-01 6.247447734486627491e-01 6.161429945815796172e-01 6.252120839303877409e-01
3.162277660168379307e+09 6.286554630473679683e-01 6.257393605237705492e-01 6.312603815743067504e-01 6.234232718747489965e-01 6.331299734707696025e-01 6.218270547353104138e-01 6.347971204810402002e-01
3.981071705534969330e+09 6.333530300379913713e-01 6.307946307952158049e-01 6.361868178967585719e-01 6.269506858695864659e-01 6.386044875138711108e-01 6.251521796894493610e-01 6.391931732982493175e-01
5.011872336272714615e+09 6.367622187050985261e-01 6.346137348878585493e-01 6.403107077958639648e-01 6.295030099417742164e-01 6.431890253309646699e-01 6.276048067719615098e-01 6.449215842643287733e-01
6.309573444801942825e+09 6.400437914010310703e-01 6.362856266293238638e-01 6.451876899345488914e-01 6.330850596295958255e-01 6.488080518171204236e-01 6.316097410295907766e-01 6.505114021708255923e-01
7.943282347242821693e+09 6.452076786852892765e-01 6.414318781263799174e-01 6.494468338818479847e-01 6.370517445700036863e-01 6.522289996449741611e-01 6.333544161413751095e-01 6.559124073075947026e-01
1.000000000000000000e+10 6.487919781885665982e-01 6.449187929075942405e-01 6.540521173789728415e-01 6.398449877099952054e-01 6.587188843257478776e-01 6.382526680645662642e-01 6.632822604012087453e-01
1.258925411794166183e+10 6.515519525446131777e-01 6.454313838103766798e-01 6.564455900587117254e-01 6.421753102447758099e-01 6.612722337614551638e-01 6.371307252022559986e-01 6.659266782602194512e-01
1.584893192461110878e+10 6.507494901989645530e-01 6.464706722300377351e-01 6.559590043277450100e-01 6.422311075629453248e-01 6.617743227099937009e-01 6.362095787090197296e-01 6.672238678152861979e-01
1.995262314968882751e+10 6.532940012582701961e-01 6.478851353830262783e-01 6.590772026617029988e-01 6.442781415092186936e-01 6.625940958967265759e-01 6.424769040789175545e-01 6.659246187593523825e-01
2.511886431509582138e+10 6.530077281448802839e-01 6.481023395239688956e-01 6.594890637589598814e-01 6.432909696873043703e-01 6.646963208166083437e-01 6.424268489635810431e-01 6.677581230153512015e-01
3.162277660168379211e+10 6.542522468528226831e-01 6.486947372503719667e-01 6.609174043241290430e-01 6.416699719816616465e-01 6.661684838368091555e-01 6.345208016517583927e-01 6.714857613228935040e-01
3.981071705534969330e+10 6.521147892013761105e-01 6.452778567781449759e-01 6.585487559703537830e-01 6.376175899997320595e-01 6.685760584280798779e-01 6.356411824073472383e-01 6.697120462288584930e-01
5.011872336272714996e+10 6.480133363265505597e-01 6.382063956234945712e-01 6.561089110016662396e-01 6.314698561750625716e-01 6.643085688411602963e-01 6.275912069903014645e-01 6.679345634407506394e-01
6.309573444801942444e+10 6.449091980096481880e-01 6.357778509391237565e-01 6.544241993498322030e-01 6.270005985644868662e-01 6.593281199997642616e-01 6.262976354037088633e-01 6.652688095276695357e-01
7.943282347242822266e+10 6.400188875122945209e-01 6.250622572905235597e-01 6.514140771501299998e-01 6.166786202252099169e-01 6.608009157883411033e-01 6.058095684820224980e-01 6.694756004497471880e-01
1.000000000000000000e+11 6.289112044809371804e-01 6.142890197408906738e-01 6.398163774451683938e-01 6.019614845696599215e-01 6.515653484399405171e-01 5.935887793091982889e-01 6.543567625911778096e-01
1.258925411794166107e+11 6.243530721173178311e-01 6.116240505336519862e-01 6.339216288131730437e-01 5.992912708828648238e-01 6.487257057629045587e-01 5.946011689081671658e-01 6.566309073379732464e-01
1.584893192461110840e+11 6.206643465100855073e-01 6.072721684243171936e-01 6.372286544690143328e-01 5.922393993357610853e-01 6.500011769280459317e-01 5.818948375220955871e-01 6.564023274223032001e-01
1.995262314968882751e+11 6.232510497438390473e-01 6.030530653934508267e-01 6.385266679975044601e-01 5.884051584384741851e-01 6.533026796738370390e-01 5.869658333126682725e-01 6.579377520709255300e-01
2.511886431509582214e+11 6.214289403256775257e-01 5.983782595055265885e-01 6.427644301226939083e-01 5.797365943764694052e-01 6.588427809573278449e-01 5.755942675529703845e-01 6.711526039439064117e-01
3.162277660168379517e+11 6.141993010689523746e-01 5.915396605371385785e-01 6.360865915740941956e-01 5.704504205065115130e-01 6.544558949812060433e-01 5.470277301820738458e-01 6.607816667438979330e-01
3.981071705534969482e+11 6.152842614661959697e-01 5.887240606114366726e-01 6.402249400187927098e-01 5.700466551348141175e-01 6.658152344298144953e-01 5.635218705839944997e-01 6.739800201596733986e-01
5.011872336272714844e+11 6.066979452825869146e-01 5.714560728065564144e-01 6.290796878764061129e-01 5.349706528438998854e-01 6.468045674281812651e-01 5.277822043991011736e-01 6.540773517309667051e-01
6.309573444801943359e+11 6.007981493912930571e-01 5.745140022785889533e-01 6.277279332805646428e-01 5.383243098441268248e-01 6.572878294270199095e-01 5.010130923117794843e-01 6.677700701371875880e-01
7.943282347242821045e+11 5.958458108575768186e-01 5.617570428723224207e-01 6.296996489675553699e-01 5.363591434120258405e-01 6.553775156672676516e-01 5.228809726586260975e-01 6.778866054037359090e-01
1.000000000000000000e+12 5.811018156939130597e-01 5.507931145181381716e-01 6.141422090865972239e-01 5.209329345361336516e-01 6.501617770550280895e-01 4.897331901577919311e-01 6.824574678694113050e-01
1.258925411794166260e+12 5.770988741620000084e-01 5.347855082887664757e-01 6.151731539496572143e-01 4.903299310713218340e-01 6.403383740714960748e-01 4.733369774554523901e-01 6.515961824140896752e-01
1.584893192461110840e+12 5.633764628598797453e-01 5.216961714646373149e-01 6.095471023685894441e-01 4.656056860888586058e-01 6.427771704538978170e-01 4.578701333406606233e-01 6.782144239975661515e-01
1.995262314968882812e+12 5.430864650548179462e-01 4.737443397157889424e-01 5.801676995811794191e-01 4.145406300245164655e-01 6.227894307877527291e-01 3.958306480405139327e-01 6.881868494936020930e-01
2.511886431509582031e+12 5.144930280508348552e-01 4.353997020409388075e-01 5.731269553594791066e-01 3.792720378647768120e-01 6.226161189971288756e-01 3.202477671864363828e-01 6.648364804955919638e-01
3.162277660168379395e+12 4.981813901185516702e-01 4.212157209372420219e-01 5.782346069836304947e-01 3.606592153869961903e-01 6.228869777538503794e-01 3.040520084654830257e-01 6.680181547701473654e-01
