# M200c[Msun] <corr> corr+ corr- corr++ corr-- corr+++ corr---
1.000000000000000000e+09 1.571583355214875577e-01 1.316530967193259016e-01 1.764189854249846312e-01 1.147246930274739285e-01 1.956474679278343287e-01 1.041523060169687737e-01 2.117140044279656741e-01
1.258925411794166088e+09 1.634846016834039240e-01 1.437774468318983589e-01 1.862153595237057979e-01 1.289945058283851198e-01 2.087756603064014338e-01 1.227598066261696291e-01 2.183515405437375934e-01
1.584893192461110830e+09 1.831576773326662466e-01 1.619688840183594603e-01 2.061992978302166490e-01 1.324161823076492883e-01 2.240953363646498997e-01 1.156254227415166730e-01 2.391885017240562294e-01
1.995262314968882799e+09 1.971772776877235289e-01 1.672137399002519842e-01 2.212580344926163844e-01 1.414913506392547760e-01 2.408057369057670094e-01 1.287130043107768684e-01 2.679046538946188161e-01
2.511886431509582043e+09 2.185192968239267897e-01 1.907168685167196787e-01 2.479376337170327016e-01 1.586403515097058459e-01 2.767058379731294759e-01 1.199967762318398384e-01 3.002508318891494166e-01
3.162277660168379307e+09 2.460800848833544774e-01 2.034924012163226714e-01 2.776209432856231452e-01 1.564190424859118189e-01 3.024382154463041150e-01 1.081989959574967269e-01 3.119097903895717838e-01
3.981071705534985542e+09 2.592867216444265654e-01 2.187648147647900665e-01 3.058998257143394905e-01 1.810954408737472654e-01 3.451035698072661972e-01 1.736638289024554083e-01 3.543280087071854489e-01
5.011872336272735596e+09 2.608456167361762335e-01 2.048326674623453525e-01 3.183881909697731660e-01 1.570056342571080066e-01 3.553898501561217893e-01 1.500941312332412236e-01 4.073221263907736978e-01
6.309573444801942825e+09 2.713549366035227783e-01 1.866049440353410582e-01 3.266386988868454355e-01 1.372668045349081378e-01 3.798569321545622879e-01 5.626287128083157230e-02 3.900773796854236641e-01
