# M200c[Msun] <corr> corr+ corr- corr++ corr-- corr+++ corr---
1.584893192461110830e+09 -4.143680896640543621e-01 -4.171368467568322691e-01 -4.104234037182005745e-01 -4.200975172882858155e-01 -4.071381376805342511e-01 -4.247099928710917904e-01 -4.023897687010573598e-01
1.995262314968874693e+09 -4.125145665515898563e-01 -4.175548668297168753e-01 -4.089629701855657662e-01 -4.213345169386896183e-01 -4.053574083427812225e-01 -4.256363667381436455e-01 -4.043553455245023631e-01
2.511886431509572029e+09 -4.105175189911035583e-01 -4.153083496532724017e-01 -4.071619940315733821e-01 -4.187185194034169777e-01 -4.023775944105141278e-01 -4.193150496691281370e-01 -3.992621435440900091e-01
3.162277660168379307e+09 -4.064810031554862979e-01 -4.104209367908574491e-01 -4.012739928455808514e-01 -4.141984865944497995e-01 -3.970771507842103532e-01 -4.167358518914153209e-01 -3.950876413158393996e-01
3.981071705534969330e+09 -4.004618949216662283e-01 -4.048042671899261258e-01 -3.949114129843653842e-01 -4.094447057785599031e-01 -3.891542930116782539e-01 -4.130968008493552945e-01 -3.833225150528957181e-01
5.011872336272714615e+09 -3.937803485123267944e-01 -3.984240916055565851e-01 -3.878134027199206524e-01 -4.030558581708718613e-01 -3.839916659409404187e-01 -4.067812991934747213e-01 -3.820348848196197244e-01
6.309573444801917076e+09 -3.894789872260297492e-01 -3.955761151818141808e-01 -3.822351610400823163e-01 -3.988197670368702763e-01 -3.756752881994779303e-01 -4.016375340742655564e-01 -3.708271688799577026e-01
7.943282347242789268e+09 -3.854549032100857975e-01 -3.933163988763952457e-01 -3.774027069232192555e-01 -3.996346694356688323e-01 -3.732514725971590730e-01 -4.063107475693871207e-01 -3.669626632473902972e-01
1.000000000000000000e+10 -3.867363883859946672e-01 -3.937391164355850681e-01 -3.782740777345131589e-01 -3.981310938836473134e-01 -3.702267598483000022e-01 -4.004787707735811830e-01 -3.669547847556323683e-01
1.258925411794166183e+10 -3.852200710613878365e-01 -3.939688518343082424e-01 -3.766551215259015262e-01 -3.999170811043578078e-01 -3.690185988275659357e-01 -4.062553188164362838e-01 -3.604889015900022420e-01
1.584893192461110878e+10 -3.875036404501098763e-01 -3.958348271217927428e-01 -3.802710662336838965e-01 -4.032371094486653651e-01 -3.672722792068331410e-01 -4.104031147751585618e-01 -3.640273768041595859e-01
1.995262314968874741e+10 -3.871937784463669319e-01 -3.960283146822685119e-01 -3.789505171646074255e-01 -4.061561387846434612e-01 -3.658129960795140079e-01 -4.105757141675677735e-01 -3.568358749429139665e-01
2.511886431509571838e+10 -3.889013345988805437e-01 -3.948180385511145252e-01 -3.766182714873626547e-01 -4.032153428279543483e-01 -3.681621326047973541e-01 -4.062028658118050917e-01 -3.598030202881800643e-01
3.162277660168379211e+10 -3.874365956495392505e-01 -3.992522412949718325e-01 -3.739342743502733213e-01 -4.132859803343603700e-01 -3.678562840208776663e-01 -4.178870248336113424e-01 -3.659632983559363284e-01
3.981071705534969330e+10 -3.897254553538598287e-01 -4.028853019514488931e-01 -3.764609196923990320e-01 -4.134890933428396753e-01 -3.674533018608044377e-01 -4.204393311161013225e-01 -3.614332666304260200e-01
5.011872336272714996e+10 -3.987867396237345097e-01 -4.103802352479472559e-01 -3.837174577254804375e-01 -4.247202534099346893e-01 -3.719466610365481651e-01 -4.272281101901768685e-01 -3.693187211158915906e-01
6.309573444801917267e+10 -4.091530044247057019e-01 -4.229955605541500518e-01 -3.931199741880353482e-01 -4.389000306232949677e-01 -3.745044292765854488e-01 -4.470193969295733205e-01 -3.562711433791845850e-01
7.943282347242822266e+10 -4.285681891177536285e-01 -4.437147910076054691e-01 -4.135119213694835594e-01 -4.657858538094408196e-01 -4.013819422413666405e-01 -4.740612344764161823e-01 -3.885917859585307221e-01
1.000000000000000000e+11 -4.488388036454775132e-01 -4.634146736934583455e-01 -4.274392622941540210e-01 -4.791169166685201875e-01 -4.086044628821708935e-01 -4.818235704401246933e-01 -3.890549373782021814e-01
1.258925411794166107e+11 -4.641566895433117401e-01 -4.844954411184692611e-01 -4.422823067232487526e-01 -5.017645264498833413e-01 -4.203670482416325127e-01 -5.121566050121267866e-01 -4.173756655366573920e-01
1.584893192461110840e+11 -4.820023056658244154e-01 -5.004137247326683191e-01 -4.621929748279801631e-01 -5.199510309167142408e-01 -4.490651002400858349e-01 -5.297621452215725002e-01 -4.362573251812415509e-01
1.995262314968882751e+11 -4.879898156219565353e-01 -5.088388357044530963e-01 -4.668353100515975074e-01 -5.341214102908740102e-01 -4.478914116493895592e-01 -5.459887245181958004e-01 -4.228992225558080298e-01
2.511886431509582214e+11 -4.858562593886363024e-01 -5.096753905851562072e-01 -4.594330569639175077e-01 -5.291746526213052526e-01 -4.313132063906691127e-01 -5.550438757098536957e-01 -4.069041286524490153e-01
3.162277660168379517e+11 -4.704623220209593892e-01 -4.948528584523033125e-01 -4.443543909244137557e-01 -5.155359827376828630e-01 -4.185703539698943931e-01 -5.478643831066752901e-01 -3.939246596932162725e-01
3.981071705534969482e+11 -4.493274622000739127e-01 -4.734859659280771238e-01 -4.233362695681664456e-01 -4.961678332295244021e-01 -3.944719910089579118e-01 -5.053393093251282719e-01 -3.813413194342238355e-01
5.011872336272714844e+11 -4.374704634602210596e-01 -4.603850030066654053e-01 -4.107112040161017275e-01 -4.986651862592768603e-01 -3.815362554903601877e-01 -5.116036308441540559e-01 -3.669697438132020206e-01
6.309573444801943359e+11 -4.370343414759788603e-01 -4.825835957394722375e-01 -4.002183196409454524e-01 -5.008431156209970370e-01 -3.546541347395599231e-01 -5.425281182488184140e-01 -3.474530404058431277e-01
7.943282347242821045e+11 -4.428439777965595403e-01 -4.891894912625030511e-01 -4.087172754140944164e-01 -5.195548792388626769e-01 -3.824138165658516053e-01 -5.596171359670857326e-01 -3.568667064602424888e-01
1.000000000000000000e+12 -4.493080922269601096e-01 -4.886293408852613318e-01 -4.103996217370818322e-01 -5.233894408747643556e-01 -3.556041752433882763e-01 -5.575655928877557566e-01 -3.331566081725684803e-01
1.258925411794166260e+12 -4.568148531245285193e-01 -5.043635098998873190e-01 -4.108635156972898494e-01 -5.302365985983263919e-01 -3.639491701411167179e-01 -5.367018264926889382e-01 -3.421930837926469016e-01
1.584893192461110840e+12 -4.718165067760365927e-01 -5.170225649836288628e-01 -4.193018938853754762e-01 -5.488825388111973069e-01 -3.714708116222518175e-01 -5.724127524208701967e-01 -3.401551492009047273e-01
1.995262314968882812e+12 -4.493787263105771812e-01 -4.971154253344026719e-01 -4.023192228792057401e-01 -5.544292524989682391e-01 -3.570335030653418729e-01 -5.674977961870626419e-01 -3.231352045094317282e-01
2.511886431509582031e+12 -4.154675212339620227e-01 -4.938200831684875780e-01 -3.386904842213502853e-01 -5.320155509350797951e-01 -2.865905669535211975e-01 -5.483820949566318159e-01 -2.607704814499067214e-01
3.162277660168379395e+12 -3.447595253119250525e-01 -4.176829512825152024e-01 -2.610600149513573331e-01 -4.867606978465864875e-01 -1.781104293222095514e-01 -5.304930871801788461e-01 -1.691470480288234657e-01
