# M200c[Msun] <corr> corr+ corr- corr++ corr-- corr+++ corr---
1.000000000000000000e+09 3.669029161052720367e-01 3.640814415295542394e-01 3.701188450680483744e-01 3.619886644290403188e-01 3.736035999749023340e-01 3.579828706954244488e-01 3.743945630079280606e-01
1.258925411794166088e+09 3.628455725098268525e-01 3.589863962736619118e-01 3.654669093133848801e-01 3.558491669839403682e-01 3.685197188110069244e-01 3.552483325969019723e-01 3.699851896016188579e-01
1.584893192461110830e+09 3.554778305960908380e-01 3.524854596730672696e-01 3.584548073561004133e-01 3.492861077731803654e-01 3.619411160729966159e-01 3.477704513023151534e-01 3.637525731226969872e-01
1.995262314968882799e+09 3.474385309317300496e-01 3.429405764324210959e-01 3.509208592543418548e-01 3.400590058932472237e-01 3.551469995185239648e-01 3.374733209144780699e-01 3.573739388786620341e-01
2.511886431509582043e+09 3.381651090581611063e-01 3.340451448625361142e-01 3.421928195052735266e-01 3.305663962841539627e-01 3.455099879485136749e-01 3.289256424191036587e-01 3.480368411586768351e-01
3.162277660168379307e+09 3.284258316295359803e-01 3.248265429896603496e-01 3.337212867903706082e-01 3.186550069375489458e-01 3.377528119724461098e-01 3.162638309517127322e-01 3.413747430256199866e-01
3.981071705534969330e+09 3.183278337515622614e-01 3.132358182327500407e-01 3.223657831167082155e-01 3.103390615792130935e-01 3.284402336904757580e-01 3.063659098748037213e-01 3.312803566692357204e-01
5.011872336272714615e+09 3.058391710562805565e-01 3.010752269465770681e-01 3.111233549720391345e-01 2.950036125965744827e-01 3.170425382917116397e-01 2.911688577242796394e-01 3.200952045981235727e-01
6.309573444801942825e+09 2.947309836520534687e-01 2.896516258871516536e-01 3.012894459152615778e-01 2.837179758837735655e-01 3.061453545199648851e-01 2.796796971883014904e-01 3.068403057621992280e-01
7.943282347242821693e+09 2.834484263819962435e-01 2.772045594986395911e-01 2.901231243501956603e-01 2.709892033376388731e-01 2.971938660865923731e-01 2.652920034725763099e-01 3.012504706464030901e-01
1.000000000000000000e+10 2.740266650489258105e-01 2.668878951178059733e-01 2.817387291522247539e-01 2.611374716753719905e-01 2.893611220861160849e-01 2.588642367861960225e-01 2.989351091873880262e-01
1.258925411794166183e+10 2.635835445030468849e-01 2.523444312419416136e-01 2.717193256576455607e-01 2.456177924231980891e-01 2.791161747240978874e-01 2.400529229288246302e-01 2.858490236398185669e-01
1.584893192461110878e+10 2.497592543329524017e-01 2.407106364500766760e-01 2.587100711852505786e-01 2.357725994385329316e-01 2.667162393313931013e-01 2.279128548865404225e-01 2.716728375184515043e-01
1.995262314968882751e+10 2.298560140250735240e-01 2.192235686406186490e-01 2.406518559326469020e-01 2.027670621343506951e-01 2.471862472298102242e-01 1.963056288683684980e-01 2.504295016558716336e-01
2.511886431509582138e+10 2.103454915478260023e-01 1.972676532187385701e-01 2.256031676768598948e-01 1.850084149640276177e-01 2.342843628600292938e-01 1.823455479535424639e-01 2.360519875309135263e-01
3.162277660168379211e+10 1.878489321701844461e-01 1.756664841851342529e-01 2.043085760896748426e-01 1.580010386766012020e-01 2.189554134199312441e-01 1.511708963925418869e-01 2.211823245729782061e-01
3.981071705534969330e+10 1.714140567921570435e-01 1.581679374833611929e-01 1.854328990778046360e-01 1.519154302679059931e-01 1.986599594483872688e-01 1.393356812644100384e-01 2.078996499753251459e-01
5.011872336272714996e+10 1.635547612086296898e-01 1.474729037909693341e-01 1.830396205222031558e-01 1.313479827508970410e-01 1.951720340359006933e-01 1.236360608528674215e-01 2.014007955985529785e-01
6.309573444801942444e+10 1.461640609271886437e-01 1.280444785116481576e-01 1.638469795195621748e-01 1.135812703186961925e-01 1.782180112472288858e-01 9.077884440580383241e-02 1.837471324414521323e-01
7.943282347242822266e+10 1.326751818115032289e-01 1.175934974297124652e-01 1.491800220288200529e-01 1.027088640301710154e-01 1.645547406060466900e-01 9.170315298396850001e-02 1.701839273972463318e-01
1.000000000000000000e+11 1.247924063819310647e-01 9.695910291432058292e-02 1.448328643940582916e-01 8.311326000541460757e-02 1.641371839589098047e-01 7.745756173589303517e-02 1.822850402262485292e-01
1.258925411794166107e+11 1.309994182050237821e-01 1.077535213286285320e-01 1.526971540468329280e-01 8.377375094866576499e-02 1.745166002508379832e-01 6.626436795706960869e-02 2.122201599997503296e-01
1.584893192461110840e+11 1.396090161727322476e-01 1.204310885170630230e-01 1.651328612720927846e-01 8.892015039062592385e-02 1.931692259146083335e-01 6.193389599730619172e-02 2.061122105856948994e-01
1.995262314968882751e+11 1.653578728114518392e-01 1.279776608182949804e-01 1.987628998532043889e-01 1.010610222082428122e-01 2.234791596064371888e-01 8.161196424881463074e-02 2.397587509486462654e-01
2.511886431509582214e+11 1.707969830957280499e-01 1.358533895996786867e-01 2.100772072944723234e-01 1.028443253622111642e-01 2.398609849837812780e-01 8.773287261872503295e-02 2.473402085474197543e-01
3.162277660168379517e+11 1.800008161191585521e-01 1.450590643075008734e-01 2.109060233089433134e-01 1.143792917371599938e-01 2.508061670617697247e-01 1.049837254569183365e-01 2.617624269470331111e-01
3.981071705534969482e+11 1.680813207379022178e-01 1.369683841676967995e-01 2.069372777888443260e-01 1.122684773019427540e-01 2.335663646194279519e-01 9.849084220736549489e-02 2.907121904595623141e-01
5.011872336272714844e+11 1.724312665035407643e-01 1.353930098820630978e-01 2.098007495185181814e-01 9.412993818308890148e-02 2.560183209732515008e-01 6.790210621209796793e-02 2.713052609746549604e-01
6.309573444801943359e+11 1.732284726944636200e-01 1.295194630682895975e-01 2.162249053980564995e-01 6.939017083555718002e-02 2.638975403361534244e-01 3.269844894453347722e-02 2.768445301651553669e-01
7.943282347242821045e+11 1.679322881545211865e-01 1.097835150326938458e-01 2.202326710177330837e-01 5.083584267364294612e-02 2.526117418293951644e-01 1.652532590294956971e-02 2.629604679636530218e-01
1.000000000000000000e+12 1.902000442482962017e-01 1.298274641096974213e-01 2.456357343268930626e-01 7.778685283591882382e-02 3.121624564062597251e-01 4.641589541044054829e-02 3.528110326416024067e-01
1.258925411794166260e+12 2.225721585901146993e-01 1.615591040874527207e-01 2.970974619348891732e-01 9.229198455506629206e-02 3.478138042495724225e-01 2.440343182239004469e-03 3.893550020795422117e-01
1.584893192461110840e+12 2.792933223761945305e-01 2.143208799939042286e-01 3.513921751175064778e-01 1.565502713784280853e-01 3.898116301844525289e-01 3.674086258022980778e-02 4.110437464251798789e-01
1.995262314968882812e+12 3.306842815887288123e-01 2.338907009588105657e-01 3.810277651355754580e-01 1.539593943650530428e-01 4.360274468627181044e-01 1.040733526841935430e-01 5.060668915292527714e-01
2.511886431509582031e+12 3.607257658115330390e-01 2.835478556553102103e-01 4.370673249299836804e-01 2.119483035325224196e-01 5.280876355739916317e-01 1.671885876346392852e-01 5.944406127419622488e-01
3.162277660168379395e+12 3.750663925367128115e-01 2.970223101808737165e-01 4.292672786014339881e-01 2.136997003056331779e-01 4.817535201884379781e-01 1.452467816642200593e-01 5.142886911365526226e-01
