# M200c[Msun] <corr> corr+ corr- corr++ corr-- corr+++ corr---
1.584893192461110830e+09 -7.545535069799436112e-01 -7.567781816545137152e-01 -7.525719806050136240e-01 -7.585744413399613251e-01 -7.503071375267328369e-01 -7.600601626961873691e-01 -7.492034095176298703e-01
1.995262314968874693e+09 -7.526867584155862989e-01 -7.546128689900220010e-01 -7.504042654548597202e-01 -7.566154817479240347e-01 -7.474832321714530714e-01 -7.582462406358956297e-01 -7.469016292571110105e-01
2.511886431509572029e+09 -7.503271220379783557e-01 -7.522657131638421646e-01 -7.481056831789620887e-01 -7.546911530862829842e-01 -7.461995122058170393e-01 -7.552139880148940332e-01 -7.449654407740375905e-01
3.162277660168379307e+09 -7.469097228643313269e-01 -7.494021367217288399e-01 -7.441829519370206647e-01 -7.524430149662868494e-01 -7.428759180847157584e-01 -7.533854979229228643e-01 -7.421350514633764384e-01
3.981071705534969330e+09 -7.434876726679826575e-01 -7.462380371286362335e-01 -7.402941238148894598e-01 -7.478500288503470150e-01 -7.369849173051106206e-01 -7.492823675490183355e-01 -7.360069291857728180e-01
5.011872336272714615e+09 -7.394143481953093788e-01 -7.426270831469893308e-01 -7.362943781241750862e-01 -7.463522587625461835e-01 -7.341748780347757686e-01 -7.484815783023928137e-01 -7.326321635078650862e-01
6.309573444801917076e+09 -7.347664626072714089e-01 -7.382968751785924377e-01 -7.321249303732205727e-01 -7.413926431107380477e-01 -7.277738434414372515e-01 -7.442612844197569189e-01 -7.245776849524739882e-01
7.943282347242789268e+09 -7.297577989873254012e-01 -7.333119999870011396e-01 -7.253486442576415616e-01 -7.362077108005348203e-01 -7.219291475703111249e-01 -7.380111581285195843e-01 -7.199972482111618444e-01
1.000000000000000000e+10 -7.240773952770770405e-01 -7.288908563044547151e-01 -7.189066081829574850e-01 -7.320332505556457203e-01 -7.163487437585922546e-01 -7.350392880749324620e-01 -7.122768088019764132e-01
1.258925411794166183e+10 -7.179333616416446739e-01 -7.233874025297859500e-01 -7.135312172714151080e-01 -7.258744245538317763e-01 -7.086657069453190516e-01 -7.299098380213701054e-01 -7.032336006868076250e-01
1.584893192461110878e+10 -7.108077686581519838e-01 -7.166365327179742284e-01 -7.058524711965180609e-01 -7.235973629344857327e-01 -6.989484751526442441e-01 -7.274617992412716339e-01 -6.956918241780456480e-01
1.995262314968874741e+10 -7.013269395383834315e-01 -7.065566885084753057e-01 -6.942841621729635149e-01 -7.138723154206179089e-01 -6.880565817799906281e-01 -7.145167939351672048e-01 -6.865592237873537895e-01
2.511886431509571838e+10 -6.924227631697870144e-01 -6.991114639285629373e-01 -6.859607114650132509e-01 -7.062207010640225713e-01 -6.784470209662496476e-01 -7.121140256475020358e-01 -6.766179969094912039e-01
3.162277660168379211e+10 -6.855656768505491439e-01 -6.926038995657358699e-01 -6.768692037606000023e-01 -6.993683617615102932e-01 -6.696698115006658458e-01 -7.067048920421667990e-01 -6.643439496983771786e-01
3.981071705534969330e+10 -6.803599208809898435e-01 -6.894723683521970514e-01 -6.716383569294261946e-01 -6.957896258860165606e-01 -6.611342570295527521e-01 -7.019613718756660958e-01 -6.562371716940742505e-01
5.011872336272714996e+10 -6.800270829568213493e-01 -6.864033990821227782e-01 -6.719785377338296506e-01 -6.931611515469093820e-01 -6.592625346987104340e-01 -6.987918925181743068e-01 -6.531412984246327547e-01
6.309573444801917267e+10 -6.828323531207931563e-01 -6.945133643039472782e-01 -6.744828702052473313e-01 -6.998974424186359400e-01 -6.648557544586375379e-01 -7.024470181886217635e-01 -6.617603422162886551e-01
7.943282347242822266e+10 -6.797966856717879702e-01 -6.893718043934052853e-01 -6.699439288502733181e-01 -7.015631959501944515e-01 -6.630294508793017627e-01 -7.035810099976633758e-01 -6.625807178608560388e-01
1.000000000000000000e+11 -6.709551043171236850e-01 -6.846425811282721430e-01 -6.592589278156653076e-01 -6.992076406979151892e-01 -6.447666582889082232e-01 -7.022936035096867258e-01 -6.401091041042618057e-01
1.258925411794166107e+11 -6.559088165349875599e-01 -6.701313347386613772e-01 -6.393244976489924625e-01 -6.824072341798048669e-01 -6.195689953362403246e-01 -6.858902222022704720e-01 -6.141032578317721091e-01
1.584893192461110840e+11 -6.353459117659940869e-01 -6.580432668430447052e-01 -6.167126410075938203e-01 -6.705509207361843860e-01 -6.010776800867334568e-01 -6.767535916641737037e-01 -5.613534749950574998e-01
1.995262314968882751e+11 -6.339466508515931853e-01 -6.524744682566226972e-01 -6.139786509571292239e-01 -6.712944651918291150e-01 -5.888733911449793856e-01 -6.768506329566603696e-01 -5.758572951405951379e-01
2.511886431509582214e+11 -6.370196752350001379e-01 -6.631420574769498755e-01 -6.132904120029830652e-01 -6.850961076621411294e-01 -5.983718322744784324e-01 -6.936214532243645259e-01 -5.898820256791228456e-01
3.162277660168379517e+11 -6.530730518324743272e-01 -6.731285291002043758e-01 -6.350994987214753085e-01 -6.941093045122278538e-01 -6.202543169117464839e-01 -6.980136526268206909e-01 -6.114778180872074698e-01
3.981071705534969482e+11 -6.716695693347063401e-01 -6.897341440568740545e-01 -6.489968467015332365e-01 -7.129620374504807012e-01 -6.271876989713507378e-01 -7.243527375038190108e-01 -6.228919480505873407e-01
5.011872336272714844e+11 -6.675692130239831990e-01 -6.926859284119751825e-01 -6.456889206635982870e-01 -7.158942672112937888e-01 -6.209366615354905417e-01 -7.344297598340290278e-01 -6.140960392681776847e-01
6.309573444801943359e+11 -6.442397266083704777e-01 -6.753278908847927253e-01 -6.166273448947037217e-01 -7.016872172508650252e-01 -5.946748184912080681e-01 -7.172814276256379573e-01 -5.879097090488661914e-01
7.943282347242821045e+11 -6.023349801180351015e-01 -6.391118684540265660e-01 -5.676335099624292280e-01 -6.777353846508695767e-01 -5.155992969438216722e-01 -7.006535042995143403e-01 -4.970209090929352258e-01
1.000000000000000000e+12 -5.646331273264089123e-01 -6.171058241716791404e-01 -5.184490071036855774e-01 -6.423076458263901056e-01 -4.588022529374067293e-01 -6.533500815562446329e-01 -3.918842650856920740e-01
1.258925411794166260e+12 -5.458104357030166831e-01 -5.917733800918364429e-01 -4.862707069872890253e-01 -6.650488578975741749e-01 -4.225022613515589387e-01 -7.039886667294359412e-01 -4.025831147778689001e-01
1.584893192461110840e+12 -5.619874397747519623e-01 -6.277514149853707925e-01 -5.113062075071003187e-01 -6.673831834904222493e-01 -4.420524539527205254e-01 -6.741213852038998589e-01 -3.956334504908091687e-01
1.995262314968882812e+12 -5.850746604758718661e-01 -6.428022060099898294e-01 -5.294879483205503501e-01 -6.803409752024591750e-01 -4.576509176432310699e-01 -6.929649210780030044e-01 -4.425978514353572368e-01
2.511886431509582031e+12 -5.913234483883735848e-01 -6.494092916049569730e-01 -5.409809147205848490e-01 -6.804241782805393601e-01 -4.669172822696776581e-01 -7.091649483567447065e-01 -4.334217001729074314e-01
3.162277660168379395e+12 -5.804064306130406470e-01 -6.440889693657360082e-01 -5.073078581259813369e-01 -6.960938028440204484e-01 -4.299836497542866565e-01 -7.330932251103843278e-01 -3.861434617939873970e-01
