# M200c[Msun] <corr> corr+ corr- corr++ corr-- corr+++ corr---
1.000000000000000000e+09 -1.301998650409437117e-02 -3.309424136373231851e-02 1.184378173212151039e-02 -5.460874833415833851e-02 3.533653028033310883e-02 -6.407073295481399700e-02 4.690209440856349388e-02
1.258925411794166088e+09 -1.685876330331395959e-02 -4.018530243606401042e-02 2.016211156349315397e-03 -6.265727237681886774e-02 2.686619212835717613e-02 -7.881993082446238363e-02 4.038417137909825622e-02
1.584893192461110830e+09 -2.501018085249613609e-02 -4.774528130840095808e-02 9.098411976248563585e-04 -7.416306063748573374e-02 1.862107504330821200e-02 -7.751530556898567070e-02 3.484892220718973505e-02
1.995262314968882799e+09 -4.169912393605932494e-02 -6.787787528329072839e-02 -1.499124849214378448e-02 -8.808295095551052500e-02 2.534235939225947150e-03 -9.231215001342771287e-02 2.804807807631228000e-02
2.511886431509582043e+09 -5.489800077109095733e-02 -9.157054903886621688e-02 -2.236992060576313904e-02 -1.111987676221498078e-01 1.672676337429281068e-02 -1.256450419947449659e-01 5.191314397153806715e-02
3.162277660168379307e+09 -7.010263294077909157e-02 -1.048186833603569901e-01 -4.163949093513754501e-02 -1.248861016230757015e-01 -1.269249818166901835e-02 -1.433450627839050751e-01 6.692403564184101761e-03
3.981071705534985542e+09 -9.776267183348484602e-02 -1.542226438842229652e-01 -7.185423668044135792e-02 -1.950378055623120943e-01 -3.852773299864264978e-02 -2.175842352132690838e-01 4.409766811508791448e-03
5.011872336272735596e+09 -1.382086030735262816e-01 -1.930500443445623548e-01 -8.577086608175468752e-02 -2.418294906399409416e-01 -4.338027138778561415e-02 -2.999052572559945951e-01 1.547979747590040936e-02
6.309573444801942825e+09 -1.519218123137128784e-01 -2.060536476700056407e-01 -9.863124052236327266e-02 -2.533601084068162757e-01 -4.081192324432457441e-02 -3.044449439079172093e-01 -2.469441145452866068e-03
