# M200c[Msun] <corr> corr+ corr- corr++ corr-- corr+++ corr---
1.000000000000000000e+09 2.899377485550310163e-01 2.856130600758027271e-01 2.932845651038161749e-01 2.833866539956598207e-01 2.967944652053707832e-01 2.829791474227956738e-01 3.015663297597840908e-01
1.258925411794166088e+09 2.858526875962379976e-01 2.825503843915625479e-01 2.894368720208045920e-01 2.800295098258807625e-01 2.929402520786353881e-01 2.751719241302591490e-01 2.966589911203266761e-01
1.584893192461110830e+09 2.821385180762826517e-01 2.778688184794873006e-01 2.852168674850307784e-01 2.739802424201110975e-01 2.883082746442597877e-01 2.724118723174944190e-01 2.892641545222232047e-01
1.995262314968882799e+09 2.766791267931775211e-01 2.733258331267371943e-01 2.806049532840355631e-01 2.694117967169594174e-01 2.857197221107696805e-01 2.676587450360735088e-01 2.887512827773601187e-01
2.511886431509582043e+09 2.706971364377678269e-01 2.658311692881473731e-01 2.751041407443352016e-01 2.608123463154640165e-01 2.783685739488852562e-01 2.588861805672185157e-01 2.802153113233452619e-01
3.162277660168379307e+09 2.622465109526189719e-01 2.567186820177743134e-01 2.677203810066144385e-01 2.529079430074340773e-01 2.713423328341289520e-01 2.509546238569467791e-01 2.735188350562406390e-01
3.981071705534969330e+09 2.540161921758271601e-01 2.479468916027005310e-01 2.579706868003388553e-01 2.421480762549969024e-01 2.665372484350224114e-01 2.368481553954627228e-01 2.671097801247789838e-01
5.011872336272714615e+09 2.458253278143945897e-01 2.399172920348041915e-01 2.505421059651471993e-01 2.312976514779995219e-01 2.559575538868610889e-01 2.285507536044713017e-01 2.596225018500196158e-01
6.309573444801942825e+09 2.382661130496622204e-01 2.320524337134440285e-01 2.436219507000183249e-01 2.266746548582830034e-01 2.509736638673066289e-01 2.219990003737205841e-01 2.565599139900949788e-01
7.943282347242821693e+09 2.322222754494070729e-01 2.236554438394984246e-01 2.394085823051997908e-01 2.175168843933255602e-01 2.448090697502984248e-01 2.127605244366692627e-01 2.539319315392546961e-01
1.000000000000000000e+10 2.307112444953758890e-01 2.239704529758355100e-01 2.391319216528129121e-01 2.166314035194067678e-01 2.467821373853289479e-01 2.084144204548438184e-01 2.519295909075852657e-01
1.258925411794166183e+10 2.264370659239363093e-01 2.207539410918835099e-01 2.339965559700084852e-01 2.108667546752192035e-01 2.434424707658075504e-01 2.053807273457874394e-01 2.515139774317451948e-01
1.584893192461110878e+10 2.242669049396155412e-01 2.140300210624419830e-01 2.361628190136445260e-01 2.054654745303675645e-01 2.473976491993065685e-01 1.996853352009557714e-01 2.550771293050017596e-01
1.995262314968882751e+10 2.217625786937239274e-01 2.111700981033122759e-01 2.317045064663791620e-01 1.958072535100787714e-01 2.383569105666040744e-01 1.954550457527813312e-01 2.447191409507419313e-01
2.511886431509582138e+10 2.237895040270274361e-01 2.140041158818776490e-01 2.377090564779158199e-01 2.044412197824484745e-01 2.443803668194377554e-01 1.988850142692618617e-01 2.507848672143315194e-01
3.162277660168379211e+10 2.323728568071011802e-01 2.232817297852498217e-01 2.445999395284219058e-01 2.104159534059292236e-01 2.555997979468749293e-01 2.038556395487708117e-01 2.713009668439310129e-01
3.981071705534969330e+10 2.413985108632300536e-01 2.286189304702863911e-01 2.516279352855216311e-01 2.155061943986380513e-01 2.579175684236927335e-01 2.058943544132729175e-01 2.682092552582023837e-01
5.011872336272714996e+10 2.517037649591644666e-01 2.355170813301103172e-01 2.646902335658483096e-01 2.258437986275520504e-01 2.778701068818157371e-01 2.213517210709576577e-01 2.959306241359555001e-01
6.309573444801942444e+10 2.630287887534007996e-01 2.500789792664172007e-01 2.764945999210902117e-01 2.348405679794223211e-01 2.861453557134622239e-01 2.279113842959709646e-01 2.904994777164108810e-01
7.943282347242822266e+10 2.754252212527844579e-01 2.610673219065768325e-01 2.915675777727727569e-01 2.464908746931397665e-01 3.031633301737877151e-01 2.216752785747995447e-01 3.058827136128101642e-01
1.000000000000000000e+11 2.823783652255210663e-01 2.633633310274324790e-01 2.985126812974586707e-01 2.411454026028330144e-01 3.150363185070789718e-01 2.345185036699167502e-01 3.196968045955803639e-01
1.258925411794166107e+11 2.882592524996131500e-01 2.708411073774942834e-01 3.096459050659084999e-01 2.526231693621756591e-01 3.304163663460405465e-01 2.274050979382818694e-01 3.446329322238561033e-01
1.584893192461110840e+11 2.846946349734169601e-01 2.699915324017775342e-01 3.053281599925488088e-01 2.527499514249197388e-01 3.209226105178616395e-01 2.468175215579884729e-01 3.257892984994948393e-01
1.995262314968882751e+11 2.845777188275375735e-01 2.613885452444176249e-01 3.069675463095070667e-01 2.361513146085794657e-01 3.332980810230118385e-01 2.346249138634254883e-01 3.438697901526150402e-01
2.511886431509582214e+11 2.860973351144003862e-01 2.566477342577853649e-01 3.202018912616989565e-01 2.329135184366341593e-01 3.383514409792748312e-01 2.269076200883325956e-01 3.607644486877748524e-01
3.162277660168379517e+11 2.841392733472382082e-01 2.524681869012751489e-01 3.215933956630561141e-01 2.222411097235261201e-01 3.426294256720147091e-01 2.160235189000612177e-01 3.574944905572083331e-01
3.981071705534969482e+11 2.889252403032096517e-01 2.556697469302465775e-01 3.218682646428819849e-01 2.107740478938204820e-01 3.546254831211776981e-01 1.976946040376492408e-01 3.843566905452021065e-01
5.011872336272714844e+11 2.888825919685770183e-01 2.610795968798636513e-01 3.267223069550965753e-01 2.099325865504923228e-01 3.639458526622803003e-01 1.902215567905569948e-01 3.854380680105241042e-01
6.309573444801943359e+11 2.717339434355972028e-01 2.180743952716280576e-01 3.131451604813080269e-01 1.815910313649138630e-01 3.536510762828067866e-01 1.158960878019557050e-01 3.951027425021290118e-01
7.943282347242821045e+11 2.635202483934973028e-01 1.927339957229198819e-01 2.992753271907681034e-01 1.237538723944472813e-01 3.587040390400863532e-01 1.162312193323833259e-01 3.763338793925689596e-01
1.000000000000000000e+12 2.073147560228033037e-01 1.222269277167627177e-01 2.710150104681949834e-01 6.213888319087287199e-02 3.082815681731595481e-01 1.717497094751898462e-02 3.160897874472391456e-01
1.258925411794166260e+12 1.401247545359162738e-01 6.813734192396968259e-02 1.990994933135225575e-01 1.347835526110827305e-02 2.718520978851879377e-01 -5.432333984862579290e-02 2.948705155233553032e-01
1.584893192461110840e+12 6.617326597998778037e-02 1.529865650962387554e-03 1.529337693717035540e-01 -6.068311048856072504e-02 2.140699889458188010e-01 -8.675971225725766234e-02 2.477812451379713399e-01
1.995262314968882812e+12 8.580841161860454369e-02 5.495681959616603718e-03 1.406769876472488690e-01 -3.697381407196945191e-02 2.010445694785984172e-01 -5.073273901784944306e-02 2.402033062641149574e-01
2.511886431509582031e+12 7.548482683138119098e-02 1.190646863985949863e-02 1.272042994118309511e-01 -4.351592953937327701e-02 1.773644788320085097e-01 -8.662231178915297258e-02 1.947218672263183459e-01
3.162277660168379395e+12 1.129004058021763901e-01 2.138059596411797172e-02 1.728109352923563324e-01 -2.741869002063725830e-02 2.343865831780195808e-01 -5.624255146260900146e-02 2.609154908205698065e-01
